#datum;m_tnn;m_tnnd;m_tna;m_dtn0;m_dtn10;m_dtn20
1901-01;-16.9;1901-01-10;-7.9;28;16;0
1901-02;-12.8;1901-02-23;-5.0;24;5;0
1901-03;-3.3;1901-03-01;2.4;8;0;0
1901-04;3.6;1901-04-01;7.4;0;0;0
1901-05;7.2;1901-05-06;12.3;0;0;0
1901-06;11.2;1901-06-18;16.3;0;0;0
1901-07;14.5;1901-07-03;17.8;0;0;4
1901-08;10.5;1901-08-27;17.1;0;0;2
1901-09;7.5;1901-09-05;12.2;0;0;0
1901-10;4.0;1901-10-09;10.1;0;0;0
1901-11;-3.1;1901-11-30;1.8;12;0;0
1901-12;-4.4;1901-12-07;1.6;8;0;0
1902-01;-4.5;1902-01-31;0.8;10;0;0
1902-02;-6.2;1902-02-06;0.9;8;0;0
1902-03;-7.4;1902-03-14;2.0;6;0;0
1902-04;1.2;1902-04-01;6.5;0;0;0
1902-05;3.7;1902-05-01;8.5;0;0;0
1902-06;10.6;1902-06-10;14.3;0;0;1
1902-07;11.5;1902-07-04;15.6;0;0;0
1902-08;11.2;1902-08-14;16.4;0;0;2
1902-09;4.5;1902-09-24;12.2;0;0;0
1902-10;1.0;1902-10-25;8.0;0;0;0
1902-11;-8.2;1902-11-28;-0.0;16;0;0
1902-12;-18.9;1902-12-15;-5.5;21;7;0
1903-01;-12.6;1903-01-24;-2.8;18;5;0
1903-02;-5.0;1903-02-17;1.1;10;0;0
1903-03;1.1;1903-03-16;4.7;0;0;0
1903-04;0.6;1903-04-18;5.2;0;0;0
1903-05;6.4;1903-05-20;11.8;0;0;0
1903-06;12.2;1903-06-06;14.9;0;0;0
1903-07;11.5;1903-07-08;16.3;0;0;3
1903-08;12.0;1903-08-21;15.4;0;0;0
1903-09;7.7;1903-09-23;12.4;0;0;0
1903-10;-0.5;1903-10-22;8.5;2;0;0
1903-11;-2.0;1903-11-28;4.6;1;0;0
1903-12;-9.2;1903-12-31;0.9;6;0;0
1904-01;-9.8;1904-01-07;-3.2;27;0;0
1904-02;-3.5;1904-02-27;1.3;8;0;0
1904-03;-0.8;1904-03-07;3.3;4;0;0
1904-04;2.0;1904-04-04;7.6;0;0;0
1904-05;5.5;1904-05-06;11.0;0;0;0
1904-06;11.5;1904-06-30;14.8;0;0;0
1904-07;13.7;1904-07-01;17.9;0;0;5
1904-08;11.8;1904-08-25;16.7;0;0;3
1904-09;7.2;1904-09-19;12.4;0;0;0
1904-10;3.4;1904-10-31;8.8;0;0;0
1904-11;-8.8;1904-11-18;1.2;13;0;0
1904-12;-8.6;1904-12-31;-0.1;15;0;0
1905-01;-13.2;1905-01-02;-6.2;27;10;0
1905-02;-6.1;1905-02-14;-0.7;16;0;0
1905-03;0.5;1905-03-22;3.6;0;0;0
1905-04;-0.6;1905-04-09;5.5;2;0;0
1905-05;7.9;1905-05-24;12.0;0;0;0
1905-06;9.8;1905-06-14;16.1;0;0;0
1905-07;13.9;1905-07-21;18.5;0;0;9
1905-08;12.4;1905-08-30;17.6;0;0;8
1905-09;8.5;1905-09-19;14.0;0;0;0
1905-10;0.5;1905-10-30;4.6;0;0;0
1905-11;-0.1;1905-11-26;4.6;1;0;0
1905-12;-6.9;1905-12-20;0.4;14;0;0
1906-01;-8.9;1906-01-24;-2.5;20;0;0
1906-02;-2.5;1906-02-11;0.7;12;0;0
1906-03;-1.6;1906-03-15;2.6;6;0;0
1906-04;0.2;1906-04-01;7.6;0;0;0
1906-05;6.4;1906-05-04;12.8;0;0;0
1906-06;9.7;1906-06-08;15.0;0;0;1
1906-07;14.2;1906-07-14;17.0;0;0;1
1906-08;10.0;1906-08-29;15.7;0;0;1
1906-09;1.9;1906-09-26;11.4;0;0;0
1906-10;2.6;1906-10-27;7.6;0;0;0
1906-11;-2.0;1906-11-16;5.3;2;0;0
1906-12;-10.3;1906-12-31;-2.1;21;1;0
1907-01;-15.0;1907-01-01;-4.5;24;7;0
1907-02;-13.5;1907-02-16;-4.3;25;4;0
1907-03;-3.9;1907-03-12;0.2;15;0;0
1907-04;2.6;1907-04-01;5.5;0;0;0
1907-05;5.9;1907-05-01;12.9;0;0;0
1907-06;10.2;1907-06-04;15.6;0;0;0
1907-07;10.8;1907-07-13;15.4;0;0;1
1907-08;10.6;1907-08-23;15.3;0;0;0
1907-09;4.9;1907-09-24;11.8;0;0;0
1907-10;5.2;1907-10-23;11.4;0;0;0
1907-11;-3.0;1907-11-08;2.5;9;0;0
1907-12;-8.2;1907-12-18;0.8;9;0;0
1908-01;-10.8;1908-01-04;-4.1;26;1;0
1908-02;-4.6;1908-02-11;0.3;12;0;0
1908-03;-1.5;1908-03-16;2.4;3;0;0
1908-04;2.0;1908-04-09;6.5;0;0;0
1908-05;7.7;1908-05-01;14.0;0;0;0
1908-06;10.5;1908-06-10;16.3;0;0;3
1908-07;13.8;1908-07-06;17.0;0;0;3
1908-08;11.2;1908-08-13;15.0;0;0;0
1908-09;8.6;1908-09-04;11.5;0;0;0
1908-10;-4.0;1908-10-22;6.7;3;0;0
1908-11;-10.4;1908-11-17;-1.6;21;1;0
1908-12;-7.0;1908-12-31;-1.6;18;0;0
1909-01;-11.4;1909-01-28;-4.8;27;4;0
1909-02;-9.9;1909-02-23;-4.2;26;0;0
1909-03;-3.5;1909-03-17;2.5;7;0;0
1909-04;1.0;1909-04-04;7.0;0;0;0
1909-05;2.6;1909-05-08;11.3;0;0;0
1909-06;11.8;1909-06-17;14.9;0;0;0
1909-07;12.4;1909-07-02;15.7;0;0;1
1909-08;13.4;1909-08-25;17.3;0;0;1
1909-09;9.9;1909-09-08;14.3;0;0;0
1909-10;5.4;1909-10-25;10.6;0;0;0
1909-11;-4.5;1909-11-29;2.3;12;0;0
1909-12;-3.4;1909-12-17;1.7;7;0;0
1910-01;-6.8;1910-01-27;-0.4;15;0;0
1910-02;-1.4;1910-02-13;3.1;2;0;0
1910-03;-0.9;1910-03-31;3.5;2;0;0
1910-04;0.7;1910-04-12;6.8;0;0;0
1910-05;6.2;1910-05-07;10.8;0;0;0
1910-06;6.6;1910-06-22;14.2;0;0;0
1910-07;9.7;1910-07-07;14.5;0;0;0
1910-08;8.3;1910-08-16;14.4;0;0;1
1910-09;4.0;1910-09-27;10.3;0;0;0
1910-10;0.9;1910-10-15;5.9;0;0;0
1910-11;-7.0;1910-11-22;1.1;12;0;0
1910-12;-2.7;1910-12-24;1.7;13;0;0
1911-01;-11.0;1911-01-31;-1.1;21;1;0
1911-02;-15.2;1911-02-07;-4.3;18;6;0
1911-03;-4.2;1911-03-01;1.5;14;0;0
1911-04;-1.4;1911-04-06;4.9;4;0;0
1911-05;3.6;1911-05-22;10.8;0;0;0
1911-06;7.6;1911-06-03;12.6;0;0;0
1911-07;9.3;1911-07-06;15.4;0;0;1
1911-08;11.5;1911-08-17;15.5;0;0;0
1911-09;5.7;1911-09-12;10.9;0;0;0
1911-10;-0.7;1911-10-19;5.5;2;0;0
1911-11;1.1;1911-11-27;4.2;0;0;0
1911-12;-3.9;1911-12-31;1.4;8;0;0
1912-01;-16.4;1912-01-15;-6.4;25;9;0
1912-02;-13.0;1912-02-06;-0.9;16;2;0
1912-03;-1.9;1912-03-14;3.5;4;0;0
1912-04;-4.6;1912-04-14;3.9;5;0;0
1912-05;1.8;1912-05-02;9.6;0;0;0
1912-06;9.3;1912-06-18;13.9;0;0;0
1912-07;10.2;1912-07-06;15.3;0;0;0
1912-08;7.4;1912-08-13;12.9;0;0;0
1912-09;2.5;1912-09-29;8.5;0;0;0
1912-10;-0.1;1912-10-27;4.3;1;0;0
1912-11;-3.3;1912-11-11;-0.3;18;0;0
1912-12;-6.2;1912-12-08;-0.3;17;0;0
1913-01;-14.7;1913-01-15;-4.2;29;4;0
1913-02;-11.0;1913-02-20;-4.3;23;1;0
1913-03;-7.8;1913-03-03;2.6;8;0;0
1913-04;-2.9;1913-04-12;5.1;5;0;0
1913-05;3.9;1913-05-09;9.9;0;0;0
1913-06;6.5;1913-06-17;13.3;0;0;0
1913-07;9.9;1913-07-22;13.8;0;0;0
1913-08;8.4;1913-08-09;13.8;0;0;0
1913-09;4.8;1913-09-13;11.8;0;0;0
1913-10;-1.1;1913-10-15;5.4;1;0;0
1913-11;-2.4;1913-11-25;3.6;7;0;0
1913-12;-7.2;1913-12-21;-0.2;16;0;0
1914-01;-13.8;1914-01-30;-6.8;31;8;0
1914-02;-10.8;1914-02-07;-4.4;22;2;0
1914-03;-2.4;1914-03-19;2.9;6;0;0
1914-04;1.3;1914-04-06;6.3;0;0;0
1914-05;1.5;1914-05-04;9.7;0;0;0
1914-06;8.6;1914-06-04;13.4;0;0;0
1914-07;9.6;1914-07-29;14.8;0;0;0
1914-08;10.3;1914-08-21;13.6;0;0;0
1914-09;5.7;1914-09-27;9.9;0;0;0
1914-10;1.5;1914-10-09;6.1;0;0;0
1914-11;-7.2;1914-11-23;1.0;12;0;0
1914-12;-5.8;1914-12-02;1.1;12;0;0
1915-01;-8.5;1915-01-29;-0.3;14;0;0
1915-02;-10.7;1915-02-03;-1.0;12;1;0
1915-03;-6.5;1915-03-12;-0.2;16;0;0
1915-04;-1.3;1915-04-03;5.4;2;0;0
1915-05;4.3;1915-05-11;11.3;0;0;0
1915-06;8.8;1915-06-17;14.5;0;0;0
1915-07;11.6;1915-07-17;15.0;0;0;0
1915-08;9.8;1915-08-20;13.6;0;0;0
1915-09;1.2;1915-09-23;8.9;0;0;0
1915-10;-0.2;1915-10-29;6.5;1;0;0
1915-11;-11.9;1915-11-29;0.4;12;2;0
1915-12;-7.2;1915-12-22;2.4;7;0;0
1916-01;-2.5;1916-01-15;1.3;11;0;0
1916-02;-5.5;1916-02-22;-0.9;17;0;0
1916-03;0.9;1916-03-08;5.1;0;0;0
1916-04;0.3;1916-04-12;6.6;0;0;0
1916-05;4.5;1916-05-21;10.2;0;0;0
1916-06;7.4;1916-06-17;11.8;0;0;0
1916-07;11.6;1916-07-24;15.1;0;0;2
1916-08;9.1;1916-08-07;13.8;0;0;0
1916-09;2.7;1916-09-24;10.3;0;0;0
1916-10;0.1;1916-10-05;6.3;0;0;0
1916-11;-5.3;1916-11-18;4.0;5;0;0
1916-12;-5.0;1916-12-21;2.6;8;0;0
1917-01;-11.3;1917-01-28;-1.9;19;2;0
1917-02;-19.0;1917-02-09;-8.2;27;10;0
1917-03;-5.7;1917-03-07;0.5;15;0;0
1917-04;-0.1;1917-04-05;4.3;1;0;0
1917-05;2.1;1917-05-08;9.2;0;0;0
1917-06;9.7;1917-06-10;13.8;0;0;0
1917-07;13.3;1917-07-11;16.0;0;0;1
1917-08;11.8;1917-08-28;16.1;0;0;0
1917-09;6.5;1917-09-26;11.3;0;0;0
1917-10;1.7;1917-10-08;6.7;0;0;0
1917-11;-3.1;1917-11-18;3.9;4;0;0
1917-12;-10.7;1917-12-20;-3.3;27;1;0
1918-01;-8.6;1918-01-04;-1.9;17;0;0
1918-02;-8.6;1918-02-19;-1.3;16;0;0
1918-03;-6.5;1918-03-28;1.7;8;0;0
1918-04;1.1;1918-04-01;7.8;0;0;0
1918-05;6.2;1918-05-28;10.5;0;0;0
1918-06;3.9;1918-06-05;11.4;0;0;0
1918-07;10.7;1918-07-02;15.6;0;0;1
1918-08;10.3;1918-08-29;14.9;0;0;0
1918-09;6.5;1918-09-30;11.3;0;0;0
1918-10;3.3;1918-10-05;7.8;0;0;0
1918-11;-9.3;1918-11-24;1.3;15;0;0
1918-12;-2.5;1918-12-03;-0.3;18;0;0
1919-01;-1.3;1919-01-30;0.9;10;0;0
1919-02;-12.2;1919-02-09;-1.8;17;3;0
1919-03;-3.3;1919-03-20;2.9;4;0;0
1919-04;1.7;1919-04-23;6.1;0;0;0
1919-05;1.7;1919-05-01;6.9;0;0;0
1919-06;8.8;1919-06-26;12.7;0;0;0
1919-07;10.4;1919-07-15;14.0;0;0;0
1919-08;7.0;1919-08-26;13.9;0;0;0
1919-09;7.1;1919-09-22;12.1;0;0;0
1919-10;-0.7;1919-10-20;6.4;1;0;0
1919-11;-5.4;1919-11-18;1.1;9;0;0
1919-12;-7.5;1919-12-18;-0.7;20;0;0
1920-01;-6.0;1920-01-27;0.7;12;0;0
1920-02;-6.1;1920-02-10;-1.5;23;0;0
1920-03;-0.2;1920-03-02;3.7;1;0;0
1920-04;3.1;1920-04-08;9.4;0;0;0
1920-05;4.5;1920-05-12;12.3;0;0;0
1920-06;7.3;1920-06-08;13.1;0;0;0
1920-07;11.3;1920-07-30;15.9;0;0;0
1920-08;10.4;1920-08-25;14.2;0;0;0
1920-09;5.5;1920-09-10;11.1;0;0;0
1920-10;-9.5;1920-10-31;3.9;5;0;0
1920-11;-8.9;1920-11-02;-2.3;21;0;0
1920-12;-4.0;1920-12-15;0.9;10;0;0
1921-01;-7.9;1921-01-26;1.9;6;0;0
1921-02;-6.7;1921-02-23;-1.3;17;0;0
1921-03;-5.3;1921-03-10;0.7;17;0;0
1921-04;0.5;1921-04-04;5.6;0;0;0
1921-05;5.7;1921-05-06;11.3;0;0;0
1921-06;7.9;1921-06-18;12.8;0;0;0
1921-07;10.7;1921-07-05;15.8;0;0;3
1921-08;9.4;1921-08-28;15.4;0;0;2
1921-09;1.5;1921-09-29;9.5;0;0;0
1921-10;0.1;1921-10-28;5.9;0;0;0
1921-11;-7.1;1921-11-28;0.8;14;0;0
1921-12;-9.3;1921-12-02;-1.7;21;0;0
1922-01;-11.7;1922-01-28;-3.9;24;4;0
1922-02;-12.8;1922-02-09;-5.1;22;7;0
1922-03;-2.0;1922-03-31;2.8;5;0;0
1922-04;-2.3;1922-04-03;4.8;2;0;0
1922-05;4.7;1922-05-15;10.2;0;0;0
1922-06;10.5;1922-06-06;14.3;0;0;0
1922-07;10.0;1922-07-30;14.8;0;0;1
1922-08;8.3;1922-08-28;14.0;0;0;1
1922-09;2.8;1922-09-20;10.3;0;0;0
1922-10;-1.3;1922-10-26;6.3;3;0;0
1922-11;-7.1;1922-11-29;-0.6;19;0;0
1922-12;-7.2;1922-12-12;-1.2;19;0;0
1923-01;-8.5;1923-01-22;-0.4;13;0;0
1923-02;-9.1;1923-02-21;-0.6;18;0;0
1923-03;-1.2;1923-03-20;2.6;3;0;0
1923-04;-3.1;1923-04-02;5.3;5;0;0
1923-05;4.7;1923-05-14;10.6;0;0;0
1923-06;6.5;1923-06-09;11.6;0;0;0
1923-07;8.9;1923-07-03;15.6;0;0;2
1923-08;9.5;1923-08-30;14.3;0;0;1
1923-09;7.3;1923-09-10;11.3;0;0;0
1923-10;2.5;1923-10-17;9.5;0;0;0
1923-11;-0.3;1923-11-24;4.1;1;0;0
1923-12;-15.5;1923-12-28;-1.2;12;4;0
1924-01;-13.1;1924-01-25;-6.0;27;3;0
1924-02;-8.5;1924-02-25;-2.6;23;0;0
1924-03;-7.5;1924-03-01;1.6;14;0;0
1924-04;-0.7;1924-04-13;5.7;1;0;0
1924-05;4.8;1924-05-06;13.1;0;0;0
1924-06;11.5;1924-06-16;14.8;0;0;0
1924-07;10.1;1924-07-16;15.1;0;0;0
1924-08;9.1;1924-08-28;13.8;0;0;0
1924-09;9.9;1924-09-30;13.0;0;0;0
1924-10;1.9;1924-10-25;7.3;0;0;0
1924-11;-8.0;1924-11-16;0.0;20;0;0
1924-12;-9.1;1924-12-14;-2.1;22;0;0
1925-01;-8.2;1925-01-24;-2.5;24;0;0
1925-02;-2.7;1925-02-07;1.9;6;0;0
1925-03;-6.0;1925-03-13;0.9;13;0;0
1925-04;-1.9;1925-04-01;5.8;3;0;0
1925-05;6.3;1925-05-20;12.2;0;0;0
1925-06;8.2;1925-06-08;13.0;0;0;0
1925-07;12.9;1925-07-02;15.9;0;0;0
1925-08;11.4;1925-08-17;15.3;0;0;0
1925-09;4.2;1925-09-17;10.3;0;0;0
1925-10;-0.4;1925-10-21;6.5;2;0;0
1925-11;-8.3;1925-11-30;3.4;10;0;0
1925-12;-16.3;1925-12-05;-5.9;21;12;0
1926-01;-12.7;1926-01-12;-2.2;18;2;0
1926-02;-2.4;1926-02-28;2.3;4;0;0
1926-03;-3.8;1926-03-24;1.6;11;0;0
1926-04;-0.2;1926-04-05;6.9;1;0;0
1926-05;4.6;1926-05-10;10.1;0;0;0
1926-06;10.3;1926-06-15;13.4;0;0;0
1926-07;10.4;1926-07-29;16.0;0;0;1
1926-08;8.8;1926-08-30;13.3;0;0;0
1926-09;5.1;1926-09-26;11.9;0;0;0
1926-10;-0.3;1926-10-20;7.2;1;0;0
1926-11;-0.1;1926-11-28;6.9;1;0;0
1926-12;-10.0;1926-12-25;0.0;11;1;0
1927-01;-6.0;1927-01-07;0.9;14;0;0
1927-02;-10.5;1927-02-21;-2.9;25;2;0
1927-03;-0.5;1927-03-05;4.0;1;0;0
1927-04;2.1;1927-04-05;6.3;0;0;0
1927-05;0.5;1927-05-12;9.4;0;0;0
1927-06;9.0;1927-06-29;14.0;0;0;1
1927-07;12.7;1927-07-06;16.3;0;0;0
1927-08;12.1;1927-08-22;15.9;0;0;1
1927-09;7.9;1927-09-14;12.9;0;0;0
1927-10;1.8;1927-10-07;6.2;0;0;0
1927-11;-2.5;1927-11-15;3.5;7;0;0
1927-12;-19.1;1927-12-22;-5.3;30;7;0
1928-01;-14.8;1928-01-04;-2.8;26;5;0
1928-02;-8.6;1928-02-23;-1.1;15;0;0
1928-03;-7.8;1928-03-02;0.4;14;0;0
1928-04;-0.8;1928-04-14;6.4;1;0;0
1928-05;1.5;1928-05-12;8.6;0;0;0
1928-06;3.0;1928-06-03;12.9;0;0;0
1928-07;12.2;1928-07-10;17.1;0;0;4
1928-08;10.7;1928-08-19;15.4;0;0;1
1928-09;3.9;1928-09-25;12.1;0;0;0
1928-10;-0.5;1928-10-17;6.7;1;0;0
1928-11;0.2;1928-11-30;5.2;0;0;0
1928-12;-7.7;1928-12-22;-1.1;16;0;0
1929-01;-12.5;1929-01-11;-6.8;30;8;0
1929-02;-23.4;1929-02-11;-11.1;27;15;0
1929-03;-13.6;1929-03-03;-1.9;20;2;0
1929-04;-4.2;1929-04-05;3.2;4;0;0
1929-05;7.0;1929-05-03;12.7;0;0;0
1929-06;8.3;1929-06-02;13.8;0;0;0
1929-07;11.5;1929-07-10;15.9;0;0;3
1929-08;14.5;1929-08-22;17.7;0;0;2
1929-09;4.3;1929-09-30;11.8;0;0;0
1929-10;2.1;1929-10-29;8.3;0;0;0
1929-11;0.0;1929-11-17;5.0;1;0;0
1929-12;-4.9;1929-12-25;1.4;13;0;0
1930-01;-5.3;1930-01-10;-1.5;21;0;0
1930-02;-9.6;1930-02-09;-1.9;16;0;0
1930-03;-1.0;1930-03-13;3.7;2;0;0
1930-04;1.2;1930-04-01;8.1;0;0;0
1930-05;5.5;1930-05-10;10.6;0;0;0
1930-06;9.2;1930-06-08;15.6;0;0;4
1930-07;10.4;1930-07-13;16.0;0;0;2
1930-08;11.3;1930-08-18;15.1;0;0;0
1930-09;9.2;1930-09-05;13.3;0;0;0
1930-10;0.5;1930-10-04;7.9;0;0;0
1930-11;-2.7;1930-11-19;4.6;2;0;0
1930-12;-8.0;1930-12-24;-0.2;15;0;0
1931-01;-7.8;1931-01-23;-1.7;21;0;0
1931-02;-4.7;1931-02-10;-0.5;17;0;0
1931-03;-6.2;1931-03-06;-1.5;24;0;0
1931-04;-3.0;1931-04-01;4.2;5;0;0
1931-05;6.2;1931-05-01;13.2;0;0;0
1931-06;11.2;1931-06-27;15.7;0;0;1
1931-07;12.5;1931-07-23;16.8;0;0;2
1931-08;10.5;1931-08-13;15.4;0;0;0
1931-09;4.1;1931-09-27;9.3;0;0;0
1931-10;-1.4;1931-10-23;5.5;2;0;0
1931-11;-1.8;1931-11-30;2.0;9;0;0
1931-12;-10.3;1931-12-20;-3.1;22;1;0
1932-01;-6.6;1932-01-30;-3.0;27;0;0
1932-02;-11.5;1932-02-12;-5.8;27;3;0
1932-03;-9.6;1932-03-02;-1.9;23;0;0
1932-04;2.8;1932-04-10;6.3;0;0;0
1932-05;5.1;1932-05-12;11.7;0;0;0
1932-06;8.5;1932-06-11;12.8;0;0;0
1932-07;15.2;1932-07-20;17.5;0;0;4
1932-08;12.8;1932-08-09;16.2;0;0;1
1932-09;8.8;1932-09-17;14.6;0;0;0
1932-10;3.5;1932-10-22;9.1;0;0;0
1932-11;-4.6;1932-11-20;2.5;9;0;0
1932-12;-5.8;1932-12-12;-0.4;22;0;0
1933-01;-9.6;1933-01-28;-3.6;27;0;0
1933-02;-5.0;1933-02-17;-0.0;15;0;0
1933-03;-3.4;1933-03-02;2.7;6;0;0
1933-04;0.7;1933-04-10;5.0;0;0;0
1933-05;5.7;1933-05-14;10.5;0;0;0
1933-06;5.9;1933-06-09;12.2;0;0;0
1933-07;11.7;1933-07-01;16.1;0;0;0
1933-08;10.5;1933-08-30;15.5;0;0;2
1933-09;5.4;1933-09-20;10.7;0;0;0
1933-10;0.8;1933-10-28;7.1;0;0;0
1933-11;-0.9;1933-11-30;3.3;3;0;0
1933-12;-12.6;1933-12-19;-6.9;28;9;0
1934-01;-8.6;1934-01-27;-3.8;27;0;0
1934-02;-10.9;1934-02-03;-2.0;16;2;0
1934-03;-1.4;1934-03-07;5.2;2;0;0
1934-04;0.9;1934-04-04;9.4;0;0;0
1934-05;6.6;1934-05-28;13.1;0;0;0
1934-06;8.2;1934-06-01;13.9;0;0;0
1934-07;12.1;1934-07-06;16.9;0;0;1
1934-08;12.7;1934-08-31;16.8;0;0;2
1934-09;10.7;1934-09-27;13.6;0;0;0
1934-10;1.0;1934-10-18;8.0;0;0;0
1934-11;-2.1;1934-11-22;3.8;6;0;0
1934-12;-1.8;1934-12-25;3.7;4;0;0
1935-01;-11.8;1935-01-20;-4.4;27;4;0
1935-02;-16.6;1935-02-13;-2.5;17;4;0
1935-03;-7.3;1935-03-08;0.4;16;0;0
1935-04;-2.1;1935-04-01;6.3;1;0;0
1935-05;0.0;1935-05-02;9.4;1;0;0
1935-06;11.8;1935-06-03;15.8;0;0;1
1935-07;11.0;1935-07-09;16.4;0;0;2
1935-08;11.4;1935-08-18;15.8;0;0;0
1935-09;6.2;1935-09-12;11.3;0;0;0
1935-10;2.4;1935-10-27;9.2;0;0;0
1935-11;-2.7;1935-11-29;2.4;5;0;0
1935-12;-8.7;1935-12-23;-0.2;15;0;0
1936-01;-3.2;1936-01-16;1.9;7;0;0
1936-02;-11.9;1936-02-11;0.3;11;1;0
1936-03;-0.7;1936-03-19;4.5;2;0;0
1936-04;1.7;1936-04-20;6.9;0;0;0
1936-05;10.2;1936-05-04;13.3;0;0;0
1936-06;8.2;1936-06-03;14.3;0;0;0
1936-07;14.0;1936-07-15;18.0;0;0;4
1936-08;11.6;1936-08-29;14.8;0;0;0
1936-09;3.0;1936-09-29;11.1;0;0;0
1936-10;0.9;1936-10-12;5.0;0;0;0
1936-11;-2.9;1936-11-28;2.9;9;0;0
1936-12;-6.3;1936-12-29;-1.0;20;0;0
1937-01;-11.9;1937-01-25;-4.8;27;3;0
1937-02;-5.7;1937-02-01;-0.6;18;0;0
1937-03;0.9;1937-03-17;4.3;0;0;0
1937-04;5.3;1937-04-20;7.4;0;0;0
1937-05;6.6;1937-05-01;13.7;0;0;0
1937-06;9.6;1937-06-04;15.5;0;0;0
1937-07;12.0;1937-07-02;16.7;0;0;3
1937-08;13.2;1937-08-25;16.7;0;0;1
1937-09;7.4;1937-09-16;13.1;0;0;0
1937-10;2.6;1937-10-21;8.0;0;0;0
1937-11;-1.7;1937-11-16;3.9;4;0;0
1937-12;-11.8;1937-12-29;-1.6;14;3;0
1938-01;-17.3;1938-01-06;-3.0;15;6;0
1938-02;-4.3;1938-02-20;-0.9;21;0;0
1938-03;-3.7;1938-03-14;4.4;3;0;0
1938-04;-0.8;1938-04-12;4.7;2;0;0
1938-05;2.5;1938-05-05;10.2;0;0;0
1938-06;10.3;1938-06-01;16.0;0;0;4
1938-07;12.0;1938-07-11;16.8;0;0;3
1938-08;10.3;1938-08-25;16.5;0;0;4
1938-09;5.8;1938-09-18;10.6;0;0;0
1938-10;3.8;1938-10-22;9.2;0;0;0
1938-11;-1.3;1938-11-20;4.8;1;0;0
1938-12;-12.8;1938-12-27;-2.0;17;3;0
1939-01;-8.0;1939-01-01;-1.0;16;0;0
1939-02;-4.8;1939-02-02;0.1;15;0;0
1939-03;-4.1;1939-03-14;0.5;16;0;0
1939-04;2.0;1939-04-02;8.3;0;0;0
1939-05;7.5;1939-05-06;11.5;0;0;0
1939-06;11.2;1939-06-07;15.4;0;0;0
1939-07;10.6;1939-07-26;16.4;0;0;3
1939-08;12.9;1939-08-31;16.7;0;0;1
1939-09;2.1;1939-09-29;11.7;0;0;0
1939-10;0.4;1939-10-31;7.2;0;0;0
1939-11;-0.9;1939-11-23;4.5;3;0;0
1939-12;-12.8;1939-12-29;-1.4;19;4;0
1940-01;-17.7;1940-01-21;-10.2;31;15;0
1940-02;-18.1;1940-02-15;-8.5;27;13;0
1940-03;-8.8;1940-03-08;-1.0;17;0;0
1940-04;-1.5;1940-04-01;6.7;4;0;0
1940-05;3.1;1940-05-14;10.5;0;0;0
1940-06;11.1;1940-06-01;15.2;0;0;0
1940-07;11.3;1940-07-30;15.9;0;0;0
1940-08;9.5;1940-08-31;13.4;0;0;0
1940-09;7.2;1940-09-13;11.8;0;0;0
1940-10;1.0;1940-10-29;7.4;0;0;0
1940-11;-1.4;1940-11-10;5.3;3;0;0
1940-12;-13.2;1940-12-15;-5.9;29;7;0
1941-01;-14.5;1941-01-30;-4.9;24;5;0
1941-02;-5.4;1941-02-01;-0.2;18;0;0
1941-03;-4.7;1941-03-18;2.8;5;0;0
1941-04;0.0;1941-04-12;6.7;1;0;0
1941-05;2.0;1941-05-09;9.2;0;0;0
1941-06;8.1;1941-06-13;13.6;0;0;1
1941-07;12.8;1941-07-03;16.2;0;0;2
1941-08;10.4;1941-08-09;15.0;0;0;1
1941-09;5.6;1941-09-21;10.0;0;0;0
1941-10;-1.4;1941-10-29;6.2;3;0;0
1941-11;-6.3;1941-11-30;0.9;10;0;0
1941-12;-12.7;1941-12-29;-0.8;15;1;0
1942-01;-21.7;1942-01-24;-11.1;31;17;0
1942-02;-15.1;1942-02-13;-5.1;23;2;0
1942-03;-6.5;1942-03-14;-0.2;14;0;0
1942-04;-0.9;1942-04-01;6.1;1;0;0
1942-05;3.1;1942-05-05;11.6;0;0;0
1942-06;9.6;1942-06-17;14.6;0;0;1
1942-07;12.9;1942-07-30;15.3;0;0;1
1942-08;11.0;1942-08-02;15.6;0;0;0
1942-09;10.4;1942-09-12;15.1;0;0;0
1942-10;1.6;1942-10-21;8.1;0;0;0
1942-11;-4.4;1942-11-25;2.3;9;0;0
1942-12;-4.9;1942-12-05;0.2;14;0;0
1943-01;-16.1;1943-01-12;-6.5;31;4;0
1943-02;-4.3;1943-02-01;0.1;13;0;0
1943-03;-2.4;1943-03-05;2.3;7;0;0
1943-04;1.3;1943-04-09;7.6;0;0;0
1943-05;4.6;1943-05-01;9.8;0;0;0
1943-06;8.2;1943-06-01;13.4;0;0;0
1943-07;12.0;1943-07-10;16.2;0;0;1
1943-08;12.5;1943-08-13;17.8;0;0;7
1943-09;10.7;1943-09-22;14.1;0;0;0
1943-10;1.4;1943-10-31;8.8;0;0;0
1943-11;-2.0;1943-11-07;2.2;4;0;0
1943-12;-3.5;1943-12-19;-0.0;13;0;0
1944-01;-5.3;1944-01-06;0.3;16;0;0
1944-02;-8.2;1944-02-24;-1.3;20;0;0
1944-03;-4.5;1944-03-29;0.6;9;0;0
1944-04;-2.4;1944-04-03;7.1;2;0;0
1944-05;1.8;1944-05-01;10.0;0;0;0
1944-06;9.6;1944-06-26;14.2;0;0;1
1944-07;13.1;1944-07-14;16.3;0;0;0
1944-08;13.7;1944-08-06;17.5;0;0;3
1944-09;6.5;1944-09-28;12.2;0;0;1
1944-10;5.4;1944-10-21;10.0;0;0;0
1944-11;-1.9;1944-11-19;3.3;4;0;0
1944-12;-9.1;1944-12-27;-1.4;15;0;0
1945-01;-14.0;1945-01-29;-5.5;30;1;0
1945-02;-7.2;1945-02-21;-0.9;18;0;0
1945-03;-3.5;1945-03-12;3.3;8;0;0
1945-04;2.1;1945-04-16;7.5;0;0;0
1945-05;4.3;1945-05-04;12.7;0;0;0
1945-06;9.5;1945-06-02;15.1;0;0;1
1945-07;11.4;1945-07-04;17.2;0;0;5
1945-08;13.0;1945-08-29;16.2;0;0;1
1945-09;7.6;1945-09-30;12.5;0;0;0
1945-10;3.0;1945-10-22;7.2;0;0;0
1945-11;-2.0;1945-11-27;3.6;5;0;0
1945-12;-6.3;1945-12-13;-0.4;16;0;0
1946-01;-10.2;1946-01-23;-5.6;29;1;0
1946-02;-4.3;1946-02-23;0.1;12;0;0
1946-03;-1.8;1946-03-20;3.1;5;0;0
1946-04;0.9;1946-04-12;8.3;0;0;0
1946-05;6.5;1946-05-10;14.1;0;0;0
1946-06;10.7;1946-06-16;15.9;0;0;1
1946-07;14.6;1946-07-15;18.1;0;0;6
1946-08;12.6;1946-08-29;17.5;0;0;7
1946-09;9.3;1946-09-24;13.6;0;0;1
1946-10;-4.9;1946-10-26;4.3;3;0;0
1946-11;-1.9;1946-11-13;4.1;3;0;0
1946-12;-12.4;1946-12-20;-2.0;19;4;0
1947-01;-16.5;1947-01-07;-8.0;30;13;0
1947-02;-18.6;1947-02-01;-4.4;23;3;0
1947-03;-4.0;1947-03-04;2.9;10;0;0
1947-04;1.4;1947-04-13;8.8;0;0;0
1947-05;7.5;1947-05-04;13.2;0;0;0
1947-06;9.3;1947-06-12;16.2;0;0;4
1947-07;13.7;1947-07-15;18.2;0;0;8
1947-08;8.4;1947-08-30;16.8;0;0;5
1947-09;10.5;1947-09-05;14.9;0;0;0
1947-10;-1.7;1947-10-24;5.4;4;0;0
1947-11;-0.9;1947-11-18;4.4;5;0;0
1947-12;-7.5;1947-12-20;0.5;12;0;0
1948-01;-5.0;1948-01-02;1.9;5;0;0
1948-02;-9.4;1948-02-26;-1.6;16;0;0
1948-03;-5.2;1948-03-01;2.5;8;0;0
1948-04;4.2;1948-04-27;9.2;0;0;0
1948-05;7.0;1948-05-19;13.2;0;0;0
1948-06;8.9;1948-06-01;14.3;0;0;0
1948-07;10.7;1948-07-11;15.5;0;0;5
1948-08;10.0;1948-08-31;16.8;0;0;6
1948-09;6.9;1948-09-24;13.4;0;0;0
1948-10;2.4;1948-10-11;8.6;0;0;0
1948-11;-5.1;1948-11-30;2.3;8;0;0
1948-12;-11.9;1948-12-21;-4.6;30;1;0
1949-01;-6.9;1949-01-29;-0.9;17;0;0
1949-02;-9.8;1949-02-04;-1.2;16;0;0
1949-03;-9.0;1949-03-07;0.1;14;0;0
1949-04;2.8;1949-04-10;8.1;0;0;0
1949-05;6.5;1949-05-09;12.9;0;0;0
1949-06;8.3;1949-06-25;13.7;0;0;0
1949-07;12.0;1949-07-21;16.7;0;0;3
1949-08;9.9;1949-08-19;15.4;0;0;1
1949-09;8.5;1949-09-28;13.6;0;0;0
1949-10;1.9;1949-10-30;7.9;0;0;0
1949-11;0.5;1949-11-30;5.5;0;0;0
1949-12;-4.4;1949-12-14;1.5;9;0;0
1950-01;-15.0;1950-01-12;-5.0;25;6;0
1950-02;-14.5;1950-02-04;-1.0;11;3;0
1950-03;-2.3;1950-03-01;3.7;1;0;0
1950-04;2.8;1950-04-09;8.0;0;0;0
1950-05;5.5;1950-05-01;13.4;0;0;0
1950-06;12.4;1950-06-03;16.0;0;0;1
1950-07;14.6;1950-07-31;18.8;0;0;10
1950-08;13.1;1950-08-05;17.1;0;0;4
1950-09;8.1;1950-09-24;13.2;0;0;0
1950-10;0.0;1950-10-23;6.2;1;0;0
1950-11;-0.1;1950-11-10;4.1;1;0;0
1950-12;-1.7;1950-12-22;2.0;7;0;0
1951-01;-4.3;1951-01-23;0.7;9;0;0
1951-02;-2.4;1951-02-11;1.5;7;0;0
1951-03;-2.0;1951-03-01;3.0;4;0;0
1951-04;3.0;1951-04-16;7.4;0;0;0
1951-05;6.3;1951-05-17;11.8;0;0;0
1951-06;11.8;1951-06-01;15.8;0;0;3
1951-07;11.2;1951-07-06;16.8;0;0;5
1951-08;13.7;1951-08-18;17.6;0;0;1
1951-09;6.8;1951-09-22;14.3;0;0;1
1951-10;0.5;1951-10-16;6.1;0;0;0
1951-11;1.4;1951-11-17;5.5;0;0;0
1951-12;-5.9;1951-12-25;0.2;13;0;0
1952-01;-5.0;1952-01-30;-0.6;15;0;0
1952-02;-5.5;1952-02-10;-0.7;20;0;0
1952-03;-9.4;1952-03-07;-1.1;20;0;0
1952-04;-0.1;1952-04-04;9.3;1;0;0
1952-05;3.3;1952-05-20;10.9;0;0;0
1952-06;10.4;1952-06-25;14.8;0;0;1
1952-07;12.1;1952-07-27;17.9;0;0;5
1952-08;11.6;1952-08-24;18.0;0;0;8
1952-09;4.9;1952-09-29;11.5;0;0;0
1952-10;1.0;1952-10-19;7.1;0;0;0
1952-11;-1.2;1952-11-12;2.7;3;0;0
1952-12;-7.2;1952-12-10;-1.1;18;0;0
1953-01;-7.4;1953-01-21;-0.7;22;0;0
1953-02;-9.5;1953-02-09;-0.0;14;0;0
1953-03;-6.3;1953-03-14;1.3;11;0;0
1953-04;1.5;1953-04-21;7.2;0;0;0
1953-05;2.4;1953-05-09;10.6;0;0;0
1953-06;10.9;1953-06-02;15.7;0;0;0
1953-07;13.6;1953-07-12;16.4;0;0;1
1953-08;10.8;1953-08-09;14.1;0;0;0
1953-09;6.6;1953-09-15;12.8;0;0;0
1953-10;1.2;1953-10-11;8.5;0;0;0
1953-11;-7.1;1953-11-26;1.8;9;0;0
1953-12;-10.0;1953-12-19;-1.3;18;1;0
1954-01;-18.5;1954-01-28;-7.5;28;11;0
1954-02;-16.4;1954-02-06;-7.8;28;8;0
1954-03;1.2;1954-03-01;3.5;0;0;0
1954-04;0.8;1954-04-12;5.4;0;0;0
1954-05;5.7;1954-05-15;11.4;0;0;0
1954-06;12.3;1954-06-08;16.7;0;0;3
1954-07;11.5;1954-07-09;15.1;0;0;0
1954-08;12.0;1954-08-24;15.6;0;0;2
1954-09;5.0;1954-09-25;13.8;0;0;0
1954-10;2.0;1954-10-28;6.9;0;0;0
1954-11;-6.3;1954-11-23;2.8;7;0;0
1954-12;-2.9;1954-12-09;1.8;10;0;0
1955-01;-11.2;1955-01-06;-3.0;26;1;0
1955-02;-5.5;1955-02-22;-1.3;18;0;0
1955-03;-7.4;1955-03-04;1.2;12;0;0
1955-04;-0.6;1955-04-19;4.2;5;0;0
1955-05;3.8;1955-05-23;9.9;0;0;0
1955-06;7.5;1955-06-03;14.0;0;0;0
1955-07;13.3;1955-07-07;17.0;0;0;2
1955-08;11.4;1955-08-09;15.7;0;0;0
1955-09;7.4;1955-09-27;12.6;0;0;0
1955-10;-0.6;1955-10-30;7.6;2;0;0
1955-11;-2.8;1955-11-26;3.9;4;0;0
1955-12;-4.9;1955-12-13;1.2;10;0;0
1956-01;-12.3;1956-01-31;-1.1;17;2;0
1956-02;-18.8;1956-02-10;-10.9;29;19;0
1956-03;-7.8;1956-03-12;-0.3;12;0;0
1956-04;-2.5;1956-04-08;6.4;2;0;0
1956-05;6.6;1956-05-02;11.1;0;0;0
1956-06;9.8;1956-06-17;14.0;0;0;0
1956-07;13.4;1956-07-25;16.8;0;0;2
1956-08;12.7;1956-08-05;15.8;0;0;1
1956-09;4.8;1956-09-20;11.7;0;0;0
1956-10;1.5;1956-10-11;6.4;0;0;0
1956-11;-7.7;1956-11-21;-0.2;16;0;0
1956-12;-7.3;1956-12-29;-0.2;16;0;0
1957-01;-11.1;1957-01-18;-3.5;28;3;0
1957-02;-3.2;1957-02-01;1.5;5;0;0
1957-03;-4.6;1957-03-02;2.9;11;0;0
1957-04;0.9;1957-04-16;7.0;0;0;0
1957-05;1.6;1957-05-07;9.4;0;0;0
1957-06;9.0;1957-06-01;15.8;0;0;2
1957-07;11.7;1957-07-29;17.6;0;0;8
1957-08;9.0;1957-08-31;15.0;0;0;2
1957-09;8.0;1957-09-27;11.7;0;0;0
1957-10;0.5;1957-10-06;6.3;0;0;0
1957-11;-5.6;1957-11-30;4.4;4;0;0
1957-12;-6.0;1957-12-01;-0.9;19;0;0
1958-01;-10.1;1958-01-31;-3.2;22;1;0
1958-02;-7.3;1958-02-01;0.4;15;0;0
1958-03;-6.0;1958-03-05;-1.8;26;0;0
1958-04;-0.7;1958-04-01;4.9;2;0;0
1958-05;5.4;1958-05-05;14.4;0;0;1
1958-06;9.4;1958-06-08;13.7;0;0;0
1958-07;12.2;1958-07-26;16.6;0;0;3
1958-08;11.7;1958-08-06;16.6;0;0;2
1958-09;4.4;1958-09-30;12.1;0;0;0
1958-10;1.0;1958-10-23;8.2;0;0;0
1958-11;-0.8;1958-11-25;4.8;3;0;0
1958-12;-7.5;1958-12-05;1.1;9;0;0
1959-01;-7.8;1959-01-12;-2.2;26;0;0
1959-02;-9.0;1959-02-14;-2.3;21;0;0
1959-03;-0.4;1959-03-12;3.9;1;0;0
1959-04;0.1;1959-04-21;6.7;0;0;0
1959-05;4.3;1959-05-05;11.2;0;0;0
1959-06;9.3;1959-06-05;14.4;0;0;0
1959-07;13.5;1959-07-01;17.8;0;0;2
1959-08;11.0;1959-08-31;16.1;0;0;0
1959-09;4.8;1959-09-30;10.2;0;0;0
1959-10;0.3;1959-10-15;5.1;0;0;0
1959-11;-3.6;1959-11-25;3.4;4;0;0
1959-12;-1.2;1959-12-19;2.3;7;0;0
1960-01;-14.0;1960-01-15;-3.7;24;3;0
1960-02;-12.6;1960-02-06;-2.9;14;7;0
1960-03;-4.5;1960-03-08;3.3;6;0;0
1960-04;2.1;1960-04-26;7.3;0;0;0
1960-05;3.5;1960-05-04;10.9;0;0;0
1960-06;11.5;1960-06-30;15.1;0;0;0
1960-07;9.1;1960-07-02;14.6;0;0;0
1960-08;12.3;1960-08-22;15.9;0;0;0
1960-09;3.3;1960-09-29;11.0;0;0;0
1960-10;3.7;1960-10-19;9.2;0;0;0
1960-11;2.4;1960-11-30;5.9;0;0;0
1960-12;-4.0;1960-12-27;2.3;10;0;0
1961-01;-11.5;1961-01-28;-3.6;21;3;0
1961-02;-3.3;1961-02-06;0.4;9;0;0
1961-03;-1.0;1961-03-23;5.4;1;0;0
1961-04;5.0;1961-04-10;9.6;0;0;0
1961-05;5.5;1961-05-13;10.1;0;0;0
1961-06;12.8;1961-06-15;15.4;0;0;1
1961-07;10.9;1961-07-07;14.9;0;0;0
1961-08;11.7;1961-08-17;15.6;0;0;5
1961-09;7.7;1961-09-24;13.0;0;0;0
1961-10;4.3;1961-10-26;9.6;0;0;0
1961-11;-3.6;1961-11-23;4.6;4;0;0
1961-12;-10.9;1961-12-16;-2.3;19;2;0
1962-01;-7.2;1962-01-05;-1.3;18;0;0
1962-02;-6.2;1962-02-25;-1.1;19;0;0
1962-03;-6.0;1962-03-19;-0.3;20;0;0
1962-04;2.4;1962-04-02;8.3;0;0;0
1962-05;2.9;1962-05-02;10.4;0;0;0
1962-06;7.2;1962-06-02;14.3;0;0;3
1962-07;8.9;1962-07-06;15.4;0;0;2
1962-08;12.1;1962-08-31;17.9;0;0;10
1962-09;6.6;1962-09-20;11.8;0;0;0
1962-10;1.7;1962-10-23;7.2;0;0;0
1962-11;-1.5;1962-11-29;4.3;7;0;0
1962-12;-9.5;1962-12-23;-3.6;26;0;0
1963-01;-16.6;1963-01-18;-7.1;26;9;0
1963-02;-14.7;1963-02-03;-6.1;24;6;0
1963-03;-14.1;1963-03-01;0.0;12;2;0
1963-04;-0.1;1963-04-04;8.1;1;0;0
1963-05;6.7;1963-05-05;11.9;0;0;0
1963-06;10.1;1963-06-03;15.8;0;0;3
1963-07;14.4;1963-07-10;17.9;0;0;7
1963-08;10.5;1963-08-20;16.7;0;0;3
1963-09;7.8;1963-09-30;13.3;0;0;0
1963-10;1.5;1963-10-29;7.4;0;0;0
1963-11;0.0;1963-11-25;5.8;2;0;0
1963-12;-14.2;1963-12-18;-5.2;30;3;0
1964-01;-15.9;1964-01-22;-8.3;29;11;0
1964-02;-8.4;1964-02-23;-1.7;15;0;0
1964-03;-5.8;1964-03-18;0.7;16;0;0
1964-04;1.5;1964-04-09;8.0;0;0;0
1964-05;5.5;1964-05-07;10.9;0;0;0
1964-06;12.9;1964-06-11;17.4;0;0;1
1964-07;10.3;1964-07-07;16.4;0;0;2
1964-08;9.8;1964-08-24;15.0;0;0;0
1964-09;6.7;1964-09-22;12.3;0;0;0
1964-10;3.7;1964-10-05;7.7;0;0;0
1964-11;-0.6;1964-11-08;5.4;1;0;0
1964-12;-5.4;1964-12-31;-0.6;21;0;0
1965-01;-5.7;1965-01-08;-0.9;20;0;0
1965-02;-9.7;1965-02-10;-4.3;26;0;0
1965-03;-3.5;1965-03-11;2.3;11;0;0
1965-04;1.4;1965-04-02;6.8;0;0;0
1965-05;5.3;1965-05-04;10.6;0;0;0
1965-06;10.1;1965-06-03;14.8;0;0;1
1965-07;11.3;1965-07-06;16.0;0;0;0
1965-08;9.5;1965-08-29;13.9;0;0;0
1965-09;8.6;1965-09-22;12.0;0;0;0
1965-10;0.9;1965-10-23;5.7;0;0;0
1965-11;-9.9;1965-11-25;0.9;12;0;0
1965-12;-4.6;1965-12-15;0.3;15;0;0
1966-01;-11.8;1966-01-21;-5.0;28;1;0
1966-02;-2.9;1966-02-01;3.8;6;0;0
1966-03;-1.7;1966-03-15;3.2;5;0;0
1966-04;1.4;1966-04-03;8.8;0;0;0
1966-05;6.6;1966-05-30;11.6;0;0;0
1966-06;8.2;1966-06-01;14.5;0;0;0
1966-07;11.9;1966-07-30;15.7;0;0;2
1966-08;10.2;1966-08-30;15.5;0;0;1
1966-09;7.1;1966-09-20;12.5;0;0;0
1966-10;2.5;1966-10-31;11.7;0;0;0
1966-11;-4.3;1966-11-29;3.5;4;0;0
1966-12;-4.5;1966-12-24;0.4;13;0;0
1967-01;-12.2;1967-01-11;-3.3;26;1;0
1967-02;-6.1;1967-02-13;-0.5;14;0;0
1967-03;1.4;1967-03-17;4.4;0;0;0
1967-04;1.2;1967-04-03;7.1;0;0;0
1967-05;6.5;1967-05-04;12.2;0;0;0
1967-06;8.0;1967-06-12;13.9;0;0;0
1967-07;14.4;1967-07-10;18.0;0;0;5
1967-08;12.4;1967-08-22;16.1;0;0;2
1967-09;9.1;1967-09-30;14.4;0;0;0
1967-10;1.4;1967-10-21;8.9;0;0;0
1967-11;-4.9;1967-11-26;3.0;8;0;0
1967-12;-8.5;1967-12-16;-1.0;18;0;0
1968-01;-15.0;1968-01-11;-3.3;23;5;0
1968-02;-4.0;1968-02-18;1.3;10;0;0
1968-03;-4.5;1968-03-12;2.8;8;0;0
1968-04;-0.5;1968-04-10;7.9;1;0;0
1968-05;6.4;1968-05-19;12.2;0;0;0
1968-06;8.7;1968-06-12;15.7;0;0;3
1968-07;12.0;1968-07-13;16.2;0;0;5
1968-08;11.0;1968-08-21;15.5;0;0;0
1968-09;5.2;1968-09-28;13.0;0;0;0
1968-10;0.0;1968-10-22;7.7;1;0;0
1968-11;-1.9;1968-11-28;5.2;4;0;0
1968-12;-9.1;1968-12-30;-2.7;22;0;0
1969-01;-12.7;1969-01-13;-4.1;24;4;0
1969-02;-9.8;1969-02-11;-1.6;13;0;0
1969-03;-4.0;1969-03-06;1.7;8;0;0
1969-04;0.0;1969-04-19;6.2;1;0;0
1969-05;7.9;1969-05-20;13.9;0;0;0
1969-06;9.6;1969-06-04;14.7;0;0;0
1969-07;11.5;1969-07-09;16.3;0;0;2
1969-08;10.5;1969-08-29;15.6;0;0;2
1969-09;7.6;1969-09-19;13.1;0;0;0
1969-10;4.5;1969-10-22;7.9;0;0;0
1969-11;-3.5;1969-11-28;5.2;4;0;0
1969-12;-11.5;1969-12-22;-2.8;28;1;0
1970-01;-9.5;1970-01-09;-3.0;24;0;0
1970-02;-7.5;1970-02-17;-1.6;19;0;0
1970-03;-5.3;1970-03-02;2.0;7;0;0
1970-04;-0.9;1970-04-05;6.8;2;0;0
1970-05;1.9;1970-05-03;10.5;0;0;0
1970-06;8.5;1970-06-03;15.9;0;0;1
1970-07;11.8;1970-07-18;16.1;0;0;3
1970-08;12.3;1970-08-26;16.2;0;0;1
1970-09;3.5;1970-09-30;12.4;0;0;0
1970-10;0.0;1970-10-17;6.8;1;0;0
1970-11;1.1;1970-11-09;6.1;0;0;0
1970-12;-11.0;1970-12-27;-0.4;17;1;0
1971-01;-10.5;1971-01-05;-3.3;22;1;0
1971-02;-7.2;1971-02-27;0.8;8;0;0
1971-03;-10.0;1971-03-05;0.4;14;1;0
1971-04;1.9;1971-04-15;7.6;0;0;0
1971-05;6.9;1971-05-05;13.2;0;0;0
1971-06;9.5;1971-06-17;14.2;0;0;0
1971-07;10.2;1971-07-01;16.3;0;0;3
1971-08;11.9;1971-08-26;17.2;0;0;6
1971-09;6.2;1971-09-17;10.7;0;0;0
1971-10;-1.2;1971-10-29;6.5;3;0;0
1971-11;-5.5;1971-11-22;3.0;9;0;0
1971-12;-4.0;1971-12-10;2.2;11;0;0
1972-01;-11.6;1972-01-17;-2.2;19;2;0
1972-02;-5.5;1972-02-03;2.0;7;0;0
1972-03;-3.7;1972-03-13;4.2;4;0;0
1972-04;2.8;1972-04-30;8.8;0;0;0
1972-05;6.9;1972-05-13;11.6;0;0;0
1972-06;11.5;1972-06-02;15.6;0;0;1
1972-07;12.5;1972-07-05;18.0;0;0;10
1972-08;10.0;1972-08-27;15.4;0;0;2
1972-09;4.4;1972-09-29;10.1;0;0;0
1972-10;-1.4;1972-10-20;6.0;1;0;0
1972-11;-1.5;1972-11-29;3.7;5;0;0
1972-12;-7.5;1972-12-29;-0.3;13;0;0
1973-01;-6.5;1973-01-15;-1.5;20;0;0
1973-02;-3.4;1973-02-27;1.1;10;0;0
1973-03;-2.0;1973-03-12;2.6;7;0;0
1973-04;1.6;1973-04-14;6.7;0;0;0
1973-05;5.2;1973-05-18;12.4;0;0;0
1973-06;10.5;1973-06-16;15.0;0;0;0
1973-07;12.4;1973-07-25;17.0;0;0;3
1973-08;13.4;1973-08-23;16.5;0;0;0
1973-09;7.0;1973-09-14;13.7;0;0;0
1973-10;-1.9;1973-10-26;6.5;5;0;0
1973-11;-5.4;1973-11-30;1.1;11;0;0
1973-12;-13.0;1973-12-03;-1.4;17;2;0
1974-01;-4.5;1974-01-14;0.7;12;0;0
1974-02;-1.4;1974-02-28;3.3;1;0;0
1974-03;-2.3;1974-03-01;5.4;3;0;0
1974-04;2.0;1974-04-15;6.7;0;0;0
1974-05;6.2;1974-05-08;10.8;0;0;0
1974-06;8.9;1974-06-08;13.5;0;0;0
1974-07;12.3;1974-07-08;16.0;0;0;3
1974-08;13.2;1974-08-12;18.1;0;0;10
1974-09;5.4;1974-09-28;12.8;0;0;0
1974-10;0.9;1974-10-30;5.8;0;0;0
1974-11;-0.5;1974-11-10;4.0;2;0;0
1974-12;-2.0;1974-12-23;2.2;7;0;0
1975-01;-2.6;1975-01-01;0.9;12;0;0
1975-02;-5.1;1975-02-18;-1.2;21;0;0
1975-03;-0.4;1975-03-02;4.9;1;0;0
1975-04;1.9;1975-04-11;7.0;0;0;0
1975-05;9.7;1975-05-04;13.4;0;0;0
1975-06;8.2;1975-06-03;14.9;0;0;0
1975-07;12.8;1975-07-27;17.0;0;0;0
1975-08;12.1;1975-08-15;16.5;0;0;0
1975-09;7.9;1975-09-14;14.3;0;0;0
1975-10;3.4;1975-10-12;8.3;0;0;0
1975-11;-8.5;1975-11-26;2.3;6;0;0
1975-12;-5.2;1975-12-20;0.3;12;0;0
1976-01;-6.0;1976-01-31;-0.8;19;0;0
1976-02;-9.6;1976-02-09;-1.5;18;0;0
1976-03;-5.7;1976-03-12;0.3;15;0;0
1976-04;2.1;1976-04-30;8.1;0;0;0
1976-05;2.4;1976-05-01;11.3;0;0;0
1976-06;9.8;1976-06-04;14.7;0;0;0
1976-07;13.0;1976-07-30;17.7;0;0;4
1976-08;10.6;1976-08-06;14.1;0;0;0
1976-09;7.9;1976-09-27;11.9;0;0;0
1976-10;2.3;1976-10-25;9.3;0;0;0
1976-11;-2.1;1976-11-26;5.6;3;0;0
1976-12;-10.8;1976-12-31;-0.5;16;1;0
1977-01;-8.7;1977-01-01;-1.2;17;0;0
1977-02;-5.2;1977-02-04;2.1;7;0;0
1977-03;-2.2;1977-03-01;5.6;3;0;0
1977-04;-0.7;1977-04-01;5.8;3;0;0
1977-05;6.7;1977-05-08;12.1;0;0;0
1977-06;6.7;1977-06-02;15.3;0;0;0
1977-07;11.8;1977-07-16;15.7;0;0;0
1977-08;10.3;1977-08-26;15.6;0;0;0
1977-09;1.3;1977-09-29;10.9;0;0;0
1977-10;3.8;1977-10-21;8.3;0;0;0
1977-11;-5.8;1977-11-30;4.4;3;0;0
1977-12;-7.2;1977-12-13;-1.9;23;0;0
1978-01;-6.7;1978-01-09;-1.1;19;0;0
1978-02;-9.5;1978-02-22;-1.4;20;0;0
1978-03;-1.5;1978-03-23;3.9;2;0;0
1978-04;-0.6;1978-04-07;6.5;1;0;0
1978-05;2.6;1978-05-12;10.4;0;0;0
1978-06;9.6;1978-06-19;13.9;0;0;0
1978-07;11.3;1978-07-11;14.4;0;0;0
1978-08;10.1;1978-08-29;14.2;0;0;0
1978-09;6.2;1978-09-21;11.3;0;0;0
1978-10;0.0;1978-10-28;8.0;1;0;0
1978-11;-2.5;1978-11-16;1.2;11;0;0
1978-12;-8.6;1978-12-07;-0.3;13;0;0
1979-01;-13.0;1979-01-02;-4.7;26;4;0
1979-02;-4.5;1979-02-27;0.3;14;0;0
1979-03;-1.5;1979-03-01;4.7;4;0;0
1979-04;1.2;1979-04-19;6.0;0;0;0
1979-05;2.4;1979-05-04;12.2;0;0;0
1979-06;12.7;1979-06-19;17.5;0;0;2
1979-07;11.8;1979-07-11;15.4;0;0;0
1979-08;9.7;1979-08-26;15.4;0;0;3
1979-09;5.4;1979-09-17;12.5;0;0;0
1979-10;-2.6;1979-10-27;5.6;4;0;0
1979-11;-1.4;1979-11-26;3.9;4;0;0
1979-12;-3.6;1979-12-15;2.7;9;0;0
1980-01;-13.9;1980-01-14;-4.8;30;3;0
1980-02;-4.1;1980-02-16;0.0;13;0;0
1980-03;-3.1;1980-03-05;2.2;9;0;0
1980-04;1.6;1980-04-05;5.1;0;0;0
1980-05;2.9;1980-05-04;9.5;0;0;0
1980-06;9.4;1980-06-01;14.0;0;0;0
1980-07;11.8;1980-07-01;15.0;0;0;0
1980-08;8.0;1980-08-26;15.2;0;0;2
1980-09;6.6;1980-09-29;11.2;0;0;0
1980-10;1.2;1980-10-22;7.6;0;0;0
1980-11;-2.2;1980-11-11;1.8;8;0;0
1980-12;-8.7;1980-12-05;-0.9;14;0;0
1981-01;-10.4;1981-01-10;-4.1;27;1;0
1981-02;-4.6;1981-02-15;0.2;15;0;0
1981-03;-3.4;1981-03-01;5.5;1;0;0
1981-04;1.1;1981-04-20;6.5;0;0;0
1981-05;5.3;1981-05-04;11.6;0;0;0
1981-06;10.0;1981-06-21;16.1;0;0;0
1981-07;12.1;1981-07-01;15.9;0;0;1
1981-08;9.7;1981-08-31;16.2;0;0;4
1981-09;7.6;1981-09-18;13.4;0;0;0
1981-10;2.4;1981-10-25;9.1;0;0;0
1981-11;-2.5;1981-11-18;3.6;7;0;0
1981-12;-10.0;1981-12-21;-1.6;19;1;0
1982-01;-13.6;1982-01-11;-4.9;24;3;0
1982-02;-6.8;1982-02-21;-2.2;25;0;0
1982-03;-1.6;1982-03-09;2.8;3;0;0
1982-04;1.8;1982-04-23;5.5;0;0;0
1982-05;3.6;1982-05-01;12.1;0;0;0
1982-06;9.2;1982-06-18;15.2;0;0;0
1982-07;12.1;1982-07-02;17.0;0;0;3
1982-08;12.8;1982-08-24;17.0;0;0;2
1982-09;11.6;1982-09-04;15.3;0;0;1
1982-10;2.8;1982-10-31;9.3;0;0;0
1982-11;-2.6;1982-11-07;3.2;3;0;0
1982-12;-2.6;1982-12-06;2.0;7;0;0
1983-01;-3.2;1983-01-21;2.3;4;0;0
1983-02;-9.3;1983-02-23;-2.0;20;0;0
1983-03;-2.9;1983-03-14;4.1;3;0;0
1983-04;2.5;1983-04-17;9.0;0;0;0
1983-05;6.1;1983-05-07;12.9;0;0;0
1983-06;9.6;1983-06-16;14.7;0;0;0
1983-07;11.8;1983-07-22;18.0;0;0;6
1983-08;10.4;1983-08-05;16.3;0;0;1
1983-09;6.8;1983-09-27;12.1;0;0;0
1983-10;0.4;1983-10-24;6.9;0;0;0
1983-11;-8.6;1983-11-15;0.0;14;0;0
1983-12;-9.3;1983-12-13;-1.6;17;0;0
1984-01;-7.0;1984-01-12;-1.2;22;0;0
1984-02;-6.0;1984-02-17;-0.1;10;0;0
1984-03;-5.0;1984-03-20;1.9;9;0;0
1984-04;-0.9;1984-04-01;6.7;1;0;0
1984-05;7.0;1984-05-09;11.3;0;0;0
1984-06;9.3;1984-06-12;12.8;0;0;0
1984-07;10.0;1984-07-04;14.4;0;0;1
1984-08;9.8;1984-08-29;15.7;0;0;1
1984-09;7.2;1984-09-25;12.7;0;0;0
1984-10;2.0;1984-10-30;8.8;0;0;0
1984-11;-4.5;1984-11-14;3.4;6;0;0
1984-12;-4.4;1984-12-29;-1.2;24;0;0
1985-01;-15.5;1985-01-08;-6.8;27;9;0
1985-02;-14.7;1985-02-12;-6.1;25;6;0
1985-03;-3.8;1985-03-01;2.5;2;0;0
1985-04;2.0;1985-04-25;7.6;0;0;0
1985-05;3.8;1985-05-01;12.9;0;0;0
1985-06;9.0;1985-06-18;13.3;0;0;0
1985-07;12.4;1985-07-04;16.7;0;0;4
1985-08;9.0;1985-08-08;16.5;0;0;3
1985-09;8.0;1985-09-10;12.4;0;0;0
1985-10;-1.0;1985-10-30;6.8;1;0;0
1985-11;-3.2;1985-11-27;2.1;9;0;0
1985-12;-3.1;1985-12-31;2.5;5;0;0
1986-01;-8.1;1986-01-10;-1.3;17;0;0
1986-02;-11.8;1986-02-28;-4.3;24;3;0
1986-03;-9.5;1986-03-01;0.8;10;0;0
1986-04;-0.9;1986-04-14;8.3;1;0;0
1986-05;8.1;1986-05-11;13.6;0;0;0
1986-06;7.4;1986-06-06;14.2;0;0;3
1986-07;10.8;1986-07-25;15.7;0;0;2
1986-08;11.4;1986-08-31;17.4;0;0;7
1986-09;7.1;1986-09-29;12.3;0;0;0
1986-10;2.4;1986-10-25;7.2;0;0;0
1986-11;-0.4;1986-11-27;2.9;2;0;0
1986-12;-10.3;1986-12-26;-1.8;22;2;0
1987-01;-18.1;1987-01-12;-6.2;27;7;0
1987-02;-14.0;1987-02-01;-0.8;13;2;0
1987-03;-10.9;1987-03-04;-1.8;17;3;0
1987-04;3.4;1987-04-16;7.5;0;0;0
1987-05;4.4;1987-05-22;10.0;0;0;0
1987-06;8.9;1987-06-01;14.9;0;0;2
1987-07;10.2;1987-07-27;18.3;0;0;11
1987-08;10.5;1987-08-06;14.9;0;0;0
1987-09;4.8;1987-09-30;14.5;0;0;1
1987-10;-0.6;1987-10-29;9.1;2;0;0
1987-11;0.2;1987-11-01;4.0;0;0;0
1987-12;-6.2;1987-12-14;1.0;13;0;0
1988-01;-3.8;1988-01-14;1.5;7;0;0
1988-02;-5.2;1988-02-21;1.5;4;0;0
1988-03;-2.6;1988-03-03;2.3;8;0;0
1988-04;1.1;1988-04-25;6.9;0;0;0
1988-05;7.4;1988-05-22;12.4;0;0;0
1988-06;11.1;1988-06-24;14.8;0;0;0
1988-07;13.8;1988-07-20;17.8;0;0;6
1988-08;12.5;1988-08-25;16.6;0;0;6
1988-09;10.0;1988-09-17;13.1;0;0;0
1988-10;-0.8;1988-10-31;7.7;2;0;0
1988-11;-8.4;1988-11-24;-1.5;19;0;0
1988-12;-7.2;1988-12-17;1.3;8;0;0
1989-01;-4.9;1989-01-07;-0.8;22;0;0
1989-02;-1.1;1989-02-12;2.5;4;0;0
1989-03;2.2;1989-03-15;6.0;0;0;0
1989-04;3.0;1989-04-03;9.7;0;0;0
1989-05;5.6;1989-05-07;12.3;0;0;0
1989-06;9.6;1989-06-16;14.2;0;0;0
1989-07;12.5;1989-07-19;17.3;0;0;6
1989-08;11.6;1989-08-04;16.8;0;0;8
1989-09;10.7;1989-09-30;14.2;0;0;0
1989-10;0.4;1989-10-17;8.8;0;0;0
1989-11;-7.0;1989-11-30;2.5;12;0;0
1989-12;-7.5;1989-12-11;0.2;20;0;0
1990-01;-9.7;1990-01-09;-0.7;16;0;0
1990-02;-0.6;1990-02-11;3.1;2;0;0
1990-03;0.2;1990-03-04;6.3;0;0;0
1990-04;2.2;1990-04-10;7.5;0;0;0
1990-05;7.6;1990-05-30;12.6;0;0;0
1990-06;8.8;1990-06-01;14.4;0;0;1
1990-07;12.0;1990-07-07;16.1;0;0;2
1990-08;13.5;1990-08-10;16.9;0;0;4
1990-09;7.0;1990-09-29;11.0;0;0;0
1990-10;-0.4;1990-10-23;7.6;1;0;0
1990-11;-0.5;1990-11-11;4.9;1;0;0
1990-12;-5.6;1990-12-25;-0.4;18;0;0
1991-01;-7.8;1991-01-21;-0.6;17;0;0
1991-02;-11.7;1991-02-01;-3.6;22;3;0
1991-03;-0.2;1991-03-01;5.1;1;0;0
1991-04;2.0;1991-04-18;6.5;0;0;0
1991-05;5.9;1991-05-24;9.7;0;0;0
1991-06;10.0;1991-06-06;14.9;0;0;2
1991-07;13.6;1991-07-01;18.8;0;0;11
1991-08;13.1;1991-08-20;17.4;0;0;4
1991-09;9.0;1991-09-09;14.2;0;0;0
1991-10;-2.6;1991-10-28;7.7;5;0;0
1991-11;-1.6;1991-11-01;4.1;3;0;0
1991-12;-7.2;1991-12-13;-2.2;22;0;0
1992-01;-6.5;1992-01-04;-0.2;16;0;0
1992-02;-4.2;1992-02-19;1.3;9;0;0
1992-03;-0.4;1992-03-18;3.4;1;0;0
1992-04;1.4;1992-04-11;8.0;0;0;0
1992-05;8.3;1992-05-13;11.7;0;0;0
1992-06;12.6;1992-06-01;16.5;0;0;4
1992-07;14.8;1992-07-17;17.8;0;0;5
1992-08;16.6;1992-08-16;20.8;0;0;21
1992-09;8.1;1992-09-26;12.5;0;0;0
1992-10;0.8;1992-10-14;7.5;0;0;0
1992-11;-0.4;1992-11-10;4.2;1;0;0
1992-12;-9.6;1992-12-26;-0.9;17;0;0
1993-01;-9.7;1993-01-02;-1.2;19;0;0
1993-02;-7.7;1993-02-01;-2.7;23;0;0
1993-03;-5.3;1993-03-05;2.3;11;0;0
1993-04;0.1;1993-04-01;7.8;0;0;0
1993-05;11.4;1993-05-01;14.4;0;0;0
1993-06;10.7;1993-06-27;16.0;0;0;1
1993-07;11.1;1993-07-12;15.7;0;0;3
1993-08;10.0;1993-08-30;17.0;0;0;6
1993-09;8.0;1993-09-30;12.2;0;0;0
1993-10;1.0;1993-10-31;9.3;0;0;0
1993-11;-8.5;1993-11-28;0.5;15;0;0
1993-12;-3.5;1993-12-02;1.3;12;0;0
1994-01;-5.0;1994-01-20;1.8;5;0;0
1994-02;-7.2;1994-02-14;-0.1;13;0;0
1994-03;0.9;1994-03-06;5.4;0;0;0
1994-04;1.0;1994-04-08;7.9;0;0;0
1994-05;5.9;1994-05-03;12.1;0;0;0
1994-06;10.0;1994-06-07;15.4;0;0;4
1994-07;16.0;1994-07-10;19.9;0;0;17
1994-08;13.3;1994-08-19;18.0;0;0;9
1994-09;8.2;1994-09-19;14.6;0;0;0
1994-10;0.2;1994-10-19;6.0;0;0;0
1994-11;0.6;1994-11-20;4.2;0;0;0
1994-12;-4.6;1994-12-04;0.3;14;0;0
1995-01;-11.0;1995-01-19;-2.2;21;1;0
1995-02;-1.8;1995-02-01;3.0;5;0;0
1995-03;-1.4;1995-03-15;2.1;6;0;0
1995-04;0.4;1995-04-01;7.3;0;0;0
1995-05;4.2;1995-05-16;10.8;0;0;0
1995-06;10.4;1995-06-04;14.1;0;0;0
1995-07;15.7;1995-07-24;18.6;0;0;6
1995-08;8.3;1995-08-31;15.6;0;0;0
1995-09;6.2;1995-09-30;10.9;0;0;0
1995-10;0.9;1995-10-24;7.8;0;0;0
1995-11;-5.9;1995-11-26;0.2;14;0;0
1995-12;-11.5;1995-12-29;-1.1;20;1;0
1996-01;-8.8;1996-01-25;-3.5;26;0;0
1996-02;-10.2;1996-02-09;-4.7;26;1;0
1996-03;-6.2;1996-03-05;-0.2;15;0;0
1996-04;0.2;1996-04-15;7.8;0;0;0
1996-05;7.5;1996-05-29;12.8;0;0;0
1996-06;10.3;1996-06-15;15.4;0;0;4
1996-07;10.2;1996-07-20;14.9;0;0;2
1996-08;10.5;1996-08-06;16.1;0;0;0
1996-09;6.1;1996-09-27;9.7;0;0;0
1996-10;1.6;1996-10-27;8.0;0;0;0
1996-11;-2.8;1996-11-30;5.3;3;0;0
1996-12;-11.3;1996-12-31;-2.2;18;5;0
1997-01;-11.9;1997-01-01;-2.9;25;1;0
1997-02;-6.0;1997-02-03;0.8;14;0;0
1997-03;-1.9;1997-03-18;2.9;7;0;0
1997-04;-1.9;1997-04-13;3.6;7;0;0
1997-05;7.5;1997-05-09;12.4;0;0;0
1997-06;6.4;1997-06-01;15.4;0;0;2
1997-07;13.3;1997-07-07;16.6;0;0;1
1997-08;13.4;1997-08-02;17.4;0;0;1
1997-09;7.0;1997-09-22;12.3;0;0;0
1997-10;-3.2;1997-10-29;6.0;4;0;0
1997-11;-3.8;1997-11-20;3.8;4;0;0
1997-12;-5.9;1997-12-17;1.5;11;0;0
1998-01;-7.7;1998-01-28;1.2;9;0;0
1998-02;-9.3;1998-02-01;3.1;8;0;0
1998-03;-3.8;1998-03-12;2.1;10;0;0
1998-04;4.3;1998-04-14;9.1;0;0;0
1998-05;5.6;1998-05-24;11.8;0;0;0
1998-06;10.7;1998-06-13;16.7;0;0;4
1998-07;11.2;1998-07-09;17.5;0;0;8
1998-08;10.6;1998-08-29;16.6;0;0;7
1998-09;8.8;1998-09-15;12.8;0;0;0
1998-10;4.0;1998-10-27;9.4;0;0;0
1998-11;-3.4;1998-11-20;1.7;6;0;0
1998-12;-10.6;1998-12-24;-3.8;28;3;0
1999-01;-7.0;1999-01-30;-1.3;19;0;0
1999-02;-6.7;1999-02-01;-0.7;13;0;0
1999-03;0.1;1999-03-12;4.7;0;0;0
1999-04;4.2;1999-04-20;9.1;0;0;0
1999-05;5.7;1999-05-17;12.5;0;0;0
1999-06;9.5;1999-06-22;15.7;0;0;1
1999-07;15.2;1999-07-24;17.8;0;0;1
1999-08;11.9;1999-08-23;16.5;0;0;2
1999-09;10.3;1999-09-02;14.9;0;0;0
1999-10;2.3;1999-10-19;8.8;0;0;0
1999-11;-3.3;1999-11-21;2.4;13;0;0
1999-12;-9.8;1999-12-25;-0.7;16;0;0
2000-01;-10.0;2000-01-25;-2.9;28;1;0
2000-02;-3.2;2000-02-22;1.7;7;0;0
2000-03;-0.8;2000-03-18;3.8;5;0;0
2000-04;0.6;2000-04-09;10.1;0;0;0
2000-05;8.5;2000-05-03;12.9;0;0;0
2000-06;10.4;2000-06-01;16.0;0;0;5
2000-07;12.1;2000-07-09;16.3;0;0;4
2000-08;14.1;2000-08-24;18.4;0;0;9
2000-09;8.3;2000-09-28;12.2;0;0;0
2000-10;2.9;2000-10-24;10.5;0;0;0
2000-11;0.2;2000-11-30;6.6;0;0;0
2000-12;-8.8;2000-12-24;1.1;8;0;0
2001-01;-6.0;2001-01-15;-0.8;18;0;0
2001-02;-5.0;2001-02-25;0.7;13;0;0
2001-03;-1.0;2001-03-02;4.5;3;0;0
2001-04;0.3;2001-04-15;7.2;0;0;0
2001-05;9.3;2001-05-24;13.6;0;0;0
2001-06;8.9;2001-06-04;14.2;0;0;1
2001-07;12.6;2001-07-04;17.6;0;0;4
2001-08;11.1;2001-08-30;18.3;0;0;10
2001-09;7.3;2001-09-19;11.7;0;0;0
2001-10;3.8;2001-10-28;11.4;0;0;0
2001-11;-2.8;2001-11-19;1.9;8;0;0
2001-12;-11.5;2001-12-25;-5.4;29;2;0
2002-01;-10.2;2002-01-04;-0.9;20;1;0
2002-02;-2.5;2002-02-22;3.4;6;0;0
2002-03;0.3;2002-03-28;4.5;0;0;0
2002-04;-1.8;2002-04-07;7.9;2;0;0
2002-05;8.2;2002-05-01;14.3;0;0;0
2002-06;11.9;2002-06-02;17.0;0;0;6
2002-07;14.3;2002-07-26;19.0;0;0;13
2002-08;14.9;2002-08-13;17.9;0;0;2
2002-09;6.8;2002-09-26;12.8;0;0;0
2002-10;4.5;2002-10-14;7.6;0;0;0
2002-11;0.6;2002-11-11;5.9;0;0;0
2002-12;-9.6;2002-12-11;-1.8;22;0;0
2003-01;-12.5;2003-01-13;-3.3;24;2;0
2003-02;-9.3;2003-02-14;-4.7;26;0;0
2003-03;-3.4;2003-03-23;2.9;6;0;0
2003-04;-3.1;2003-04-07;6.4;4;0;0
2003-05;7.8;2003-05-16;14.6;0;0;1
2003-06;13.4;2003-06-22;18.3;0;0;10
2003-07;13.4;2003-07-14;18.0;0;0;5
2003-08;14.5;2003-08-31;19.5;0;0;12
2003-09;9.4;2003-09-26;12.9;0;0;0
2003-10;-2.6;2003-10-25;5.9;3;0;0
2003-11;-1.8;2003-11-13;5.1;3;0;0
2003-12;-6.5;2003-12-25;-0.6;20;0;0
2004-01;-9.8;2004-01-06;-3.4;23;0;0
2004-02;-8.1;2004-02-13;0.3;17;0;0
2004-03;-7.0;2004-03-06;2.8;8;0;0
2004-04;4.6;2004-04-09;8.7;0;0;0
2004-05;5.1;2004-05-24;11.1;0;0;0
2004-06;11.2;2004-06-17;14.9;0;0;1
2004-07;12.4;2004-07-12;17.1;0;0;7
2004-08;13.3;2004-08-16;16.8;0;0;1
2004-09;8.7;2004-09-11;12.8;0;0;0
2004-10;3.1;2004-10-12;9.3;0;0;0
2004-11;-1.4;2004-11-26;4.0;4;0;0
2004-12;-4.6;2004-12-22;-0.2;19;0;0
2005-01;-8.8;2005-01-30;-1.0;15;0;0
2005-02;-10.9;2005-02-10;-3.6;23;2;0
2005-03;-10.1;2005-03-02;0.9;15;1;0
2005-04;1.2;2005-04-22;7.9;0;0;0
2005-05;5.1;2005-05-09;12.1;0;0;0
2005-06;8.5;2005-06-09;15.0;0;0;2
2005-07;11.0;2005-07-06;17.1;0;0;6
2005-08;12.0;2005-08-09;16.3;0;0;1
2005-09;9.7;2005-09-20;13.8;0;0;0
2005-10;0.6;2005-10-31;8.6;0;0;0
2005-11;-3.3;2005-11-23;2.3;10;0;0
2005-12;-7.2;2005-12-12;-0.4;16;0;0
2006-01;-12.0;2006-01-25;-4.0;25;5;0
2006-02;-9.5;2006-02-07;-2.3;21;0;0
2006-03;-4.5;2006-03-07;1.7;11;0;0
2006-04;1.7;2006-04-08;8.9;0;0;0
2006-05;6.2;2006-05-02;12.0;0;0;0
2006-06;7.6;2006-06-01;15.8;0;0;8
2006-07;14.6;2006-07-17;19.0;0;0;11
2006-08;11.5;2006-08-30;16.1;0;0;2
2006-09;10.0;2006-09-10;14.3;0;0;0
2006-10;0.9;2006-10-31;9.9;0;0;0
2006-11;-2.5;2006-11-04;5.9;2;0;0
2006-12;-4.3;2006-12-28;1.9;12;0;0
2007-01;-4.4;2007-01-27;3.4;5;0;0
2007-02;-1.0;2007-02-25;3.5;1;0;0
2007-03;0.9;2007-03-05;5.9;0;0;0
2007-04;5.3;2007-04-09;9.5;0;0;0
2007-05;5.6;2007-05-02;14.2;0;0;2
2007-06;12.6;2007-06-01;17.8;0;0;3
2007-07;12.0;2007-07-31;18.5;0;0;10
2007-08;12.7;2007-08-31;18.1;0;0;6
2007-09;7.0;2007-09-22;11.1;0;0;0
2007-10;1.1;2007-10-20;8.4;0;0;0
2007-11;-4.2;2007-11-29;2.7;3;0;0
2007-12;-6.2;2007-12-30;-1.1;19;0;0
2008-01;-7.0;2008-01-03;0.3;13;0;0
2008-02;-8.6;2008-02-17;1.9;10;0;0
2008-03;-0.7;2008-03-06;4.0;1;0;0
2008-04;3.4;2008-04-07;8.4;0;0;0
2008-05;9.0;2008-05-04;13.1;0;0;0
2008-06;10.7;2008-06-16;17.1;0;0;3
2008-07;12.6;2008-07-23;17.6;0;0;5
2008-08;13.1;2008-08-25;17.1;0;0;4
2008-09;6.9;2008-09-19;12.7;0;0;4
2008-10;4.0;2008-10-19;9.4;0;0;0
2008-11;-2.0;2008-11-24;5.3;6;0;0
2008-12;-6.9;2008-12-31;1.9;8;0;0
2009-01;-8.7;2009-01-10;-2.5;19;0;0
2009-02;-5.6;2009-02-18;-0.4;16;0;0
2009-03;-2.1;2009-03-25;3.5;3;0;0
2009-04;7.2;2009-04-18;10.5;0;0;0
2009-05;6.6;2009-05-31;13.0;0;0;0
2009-06;9.4;2009-06-02;14.9;0;0;0
2009-07;13.9;2009-07-11;17.6;0;0;6
2009-08;12.0;2009-08-31;18.0;0;0;6
2009-09;10.8;2009-09-27;14.6;0;0;0
2009-10;0.2;2009-10-31;8.5;0;0;0
2009-11;0.0;2009-11-01;5.2;1;0;0
2009-12;-13.7;2009-12-21;0.0;10;3;0
2010-01;-10.5;2010-01-28;-2.8;26;1;0
2010-02;-8.1;2010-02-09;-1.1;17;0;0
2010-03;-5.3;2010-03-06;3.4;10;0;0
2010-04;4.9;2010-04-03;7.9;0;0;0
2010-05;7.2;2010-05-17;12.8;0;0;0
2010-06;10.7;2010-06-01;16.2;0;0;5
2010-07;14.4;2010-07-07;19.0;0;0;11
2010-08;10.3;2010-08-31;17.0;0;0;2
2010-09;7.3;2010-09-07;11.9;0;0;0
2010-10;-0.3;2010-10-28;5.7;1;0;0
2010-11;-1.0;2010-11-30;6.3;4;0;0
2010-12;-10.2;2010-12-19;-3.2;25;1;0
2011-01;-6.8;2011-01-04;-1.4;18;0;0
2011-02;-7.5;2011-02-03;-2.0;22;0;0
2011-03;-4.0;2011-03-09;3.5;8;0;0
2011-04;4.8;2011-04-14;9.1;0;0;0
2011-05;3.1;2011-05-06;11.7;0;0;0
2011-06;12.8;2011-06-27;16.6;0;0;2
2011-07;11.7;2011-07-01;16.9;0;0;6
2011-08;12.2;2011-08-11;17.6;0;0;6
2011-09;10.6;2011-09-25;15.0;0;0;1
2011-10;0.5;2011-10-18;7.7;0;0;0
2011-11;-3.4;2011-11-24;1.4;13;0;0
2011-12;-3.8;2011-12-23;1.6;7;0;0
2012-01;-6.9;2012-01-31;0.3;13;0;0
2012-02;-13.1;2012-02-06;-4.2;23;5;0
2012-03;-2.9;2012-03-06;4.9;7;0;0
2012-04;-0.2;2012-04-10;8.1;1;0;0
2012-05;5.9;2012-05-18;13.2;0;0;0
2012-06;9.8;2012-06-06;17.0;0;0;4
2012-07;14.0;2012-07-14;19.4;0;0;11
2012-08;13.2;2012-08-28;18.6;0;0;11
2012-09;7.4;2012-09-22;14.8;0;0;1
2012-10;0.2;2012-10-30;8.8;0;0;0
2012-11;3.4;2012-11-14;6.1;0;0;0
2012-12;-5.4;2012-12-22;-1.3;19;0;0
2013-01;-5.3;2013-01-27;-0.9;22;0;0
2013-02;-4.0;2013-02-11;1.2;10;0;0
2013-03;-5.8;2013-03-17;1.5;13;0;0
2013-04;0.2;2013-04-01;8.6;0;0;0
2013-05;9.0;2013-05-27;12.9;0;0;0
2013-06;8.8;2013-06-01;15.9;0;0;6
2013-07;12.2;2013-07-01;18.5;0;0;11
2013-08;13.3;2013-08-31;18.4;0;0;8
2013-09;6.3;2013-09-28;11.8;0;0;0
2013-10;0.6;2013-10-05;9.8;0;0;0
2013-11;-2.4;2013-11-28;5.9;2;0;0
2013-12;-3.6;2013-12-04;0.7;14;0;0
2014-01;-7.3;2014-01-27;1.4;10;0;0
2014-02;-3.6;2014-02-01;2.8;5;0;0
2014-03;1.6;2014-03-11;6.6;0;0;0
2014-04;4.6;2014-04-16;9.7;0;0;0
2014-05;6.2;2014-05-05;11.9;0;0;0
2014-06;11.4;2014-06-27;15.4;0;0;2
2014-07;13.3;2014-07-02;18.7;0;0;12
2014-08;11.1;2014-08-29;16.2;0;0;3
2014-09;6.8;2014-09-24;14.5;0;0;0
2014-10;0.9;2014-10-28;10.5;0;0;0
2014-11;-0.3;2014-11-28;6.2;1;0;0
2014-12;-11.1;2014-12-31;2.1;6;1;0
2015-01;-7.2;2015-01-07;0.6;10;0;0
2015-02;-4.1;2015-02-18;0.8;15;0;0
2015-03;-1.0;2015-03-07;4.1;2;0;0
2015-04;1.2;2015-04-04;7.5;0;0;0
2015-05;7.7;2015-05-03;12.6;0;0;0
2015-06;11.6;2015-06-21;16.1;0;0;3
2015-07;13.1;2015-07-11;19.7;0;0;15
2015-08;14.1;2015-08-01;19.4;0;0;14
2015-09;9.1;2015-09-22;14.7;0;0;3
2015-10;2.5;2015-10-13;8.2;0;0;0
2015-11;-2.6;2015-11-25;5.0;3;0;0
2015-12;-4.9;2015-12-31;2.2;7;0;0
2016-01;-9.0;2016-01-04;-1.8;19;0;0
2016-02;0.0;2016-02-12;4.1;1;0;0
2016-03;0.4;2016-03-20;4.5;0;0;0
2016-04;2.7;2016-04-26;8.8;0;0;0
2016-05;7.2;2016-05-16;12.6;0;0;0
2016-06;12.7;2016-06-08;16.9;0;0;4
2016-07;13.4;2016-07-15;18.5;0;0;13
2016-08;10.7;2016-08-12;16.5;0;0;0
2016-09;8.7;2016-09-23;14.7;0;0;0
2016-10;2.9;2016-10-28;8.1;0;0;0
2016-11;-2.0;2016-11-15;3.5;4;0;0
2016-12;-5.9;2016-12-17;-1.1;21;0;0
2017-01;-15.2;2017-01-08;-6.5;31;4;0
2017-02;-4.5;2017-02-14;1.0;12;0;0
2017-03;1.8;2017-03-27;6.4;0;0;0
2017-04;0.5;2017-04-21;7.7;0;0;0
2017-05;5.9;2017-05-01;12.9;0;0;0
2017-06;13.3;2017-06-09;17.8;0;0;8
2017-07;12.5;2017-07-14;18.0;0;0;7
2017-08;11.8;2017-08-24;18.4;0;0;11
2017-09;7.8;2017-09-29;13.0;0;0;0
2017-10;2.8;2017-10-31;9.1;0;0;0
2017-11;-0.7;2017-11-28;4.6;2;0;0
2017-12;-5.7;2017-12-20;1.3;11;0;0
2018-01;-2.7;2018-01-16;2.0;10;0;0
2018-02;-9.8;2018-02-26;-1.3;16;0;0
2018-03;-9.3;2018-03-01;1.6;12;0;0
2018-04;5.0;2018-04-02;12.0;0;0;0
2018-05;11.0;2018-05-15;15.5;0;0;0
2018-06;11.2;2018-06-23;17.8;0;0;8
2018-07;11.5;2018-07-02;18.7;0;0;8
2018-08;13.7;2018-08-26;19.5;0;0;15
2018-09;5.6;2018-09-26;14.3;0;0;0
2018-10;5.5;2018-10-25;10.4;0;0;0
2018-11;-2.7;2018-11-30;5.7;2;0;0
2018-12;-8.0;2018-12-19;0.2;14;0;0
2019-01;-5.6;2019-01-07;-1.3;23;0;0
2019-02;-4.5;2019-02-23;1.8;7;0;0
2019-03;1.3;2019-03-13;6.0;0;0;0
2019-04;5.6;2019-04-16;9.7;0;0;0
2019-05;5.2;2019-05-08;11.1;0;0;0
2019-06;15.2;2019-06-01;19.4;0;0;11
2019-07;12.0;2019-07-11;18.4;0;0;10
2019-08;13.1;2019-08-15;19.4;0;0;18
2019-09;7.6;2019-09-22;14.0;0;0;2
2019-10;2.2;2019-10-31;10.1;0;0;0
2019-11;2.4;2019-11-30;7.5;0;0;0
2019-12;-5.0;2019-12-04;2.3;9;0;0
2020-01;-3.5;2020-01-03;-1.1;25;0;0
2020-02;-1.7;2020-02-09;3.7;2;0;0
2020-03;-1.3;2020-03-23;4.3;1;0;0
2020-04;-0.2;2020-04-01;8.2;2;0;0
2020-05;4.3;2020-05-13;11.0;0;0;0
2020-06;11.9;2020-06-02;16.6;0;0;1
2020-07;13.2;2020-07-12;17.9;0;0;10
2020-08;15.8;2020-08-28;19.3;0;0;12
2020-09;8.2;2020-09-27;14.3;0;0;0
2020-10;5.1;2020-10-13;9.6;0;0;0
2020-11;-1.6;2020-11-22;4.4;4;0;0
2020-12;-2.5;2020-12-27;2.9;4;0;0
