#datum;m_rs;m_rsh;m_rx;m_rxd;m_dr01;m_dr1;m_dr5;m_dr10;m_dr20;m_dr30;m_dr50;m_drho;m_drjeg;m_drziv;m_dron
1901-01;35.6;26.4;8.1;1901-01-27;15;10;2;0;0;0;0;13;0;0;1
1901-02;17.2;10.3;5.8;1901-02-08;9;6;1;0;0;0;0;8;0;0;0
1901-03;71.3;38.8;25.2;1901-03-04;12;10;4;2;1;0;0;6;0;0;0
1901-04;39.2;;20.2;1901-04-13;11;4;2;2;1;0;0;0;0;1;0
1901-05;44.0;;15.9;1901-05-25;13;9;3;1;0;0;0;0;0;8;0
1901-06;50.6;;12.5;1901-06-22;10;9;4;2;0;0;0;0;0;4;0
1901-07;92.0;;38.8;1901-07-23;11;7;5;3;1;1;0;0;0;10;0
1901-08;52.4;;26.0;1901-08-17;7;5;3;2;1;0;0;0;1;4;0
1901-09;36.2;;9.8;1901-09-16;9;8;3;0;0;0;0;0;1;2;0
1901-10;48.4;;7.3;1901-10-09;14;12;4;0;0;0;0;0;0;0;0
1901-11;33.1;5.2;23.5;1901-11-15;8;6;1;1;1;0;0;3;0;0;0
1901-12;45.4;4.0;13.7;1901-12-14;18;9;2;1;0;0;0;1;1;1;0
1902-01;23.6;20.8;8.0;1902-01-16;7;5;2;0;0;0;0;4;0;0;0
1902-02;83.8;36.6;16.7;1902-02-10;20;13;5;3;0;0;0;8;0;0;0
1902-03;41.9;13.8;11.9;1902-03-04;11;8;3;1;0;0;0;6;0;1;0
1902-04;42.6;;20.9;1902-04-15;8;4;3;1;1;0;0;0;0;1;0
1902-05;111.6;;36.5;1902-05-20;15;11;6;5;1;1;0;0;3;5;0
1902-06;45.1;;19.5;1902-06-12;12;7;3;1;0;0;0;0;0;3;0
1902-07;39.7;;12.6;1902-07-11;8;6;3;1;0;0;0;0;0;4;0
1902-08;35.6;;20.3;1902-08-09;5;2;2;2;1;0;0;0;0;5;0
1902-09;15.3;;4.1;1902-09-13;8;5;0;0;0;0;0;0;0;4;0
1902-10;96.8;;23.1;1902-10-17;12;8;5;4;2;0;0;0;0;1;0
1902-11;6.1;5.7;5.7;1902-11-26;2;1;1;0;0;0;0;1;0;0;0
1902-12;36.2;25.8;5.8;1902-12-18;13;10;3;0;0;0;0;11;0;0;1
1903-01;22.2;2.3;6.3;1903-01-04;15;6;2;0;0;0;0;5;0;0;1
1903-02;7.6;2.2;3.0;1903-02-02;5;3;0;0;0;0;0;2;0;0;0
1903-03;10.7;0.1;4.8;1903-03-03;7;3;0;0;0;0;0;1;1;0;0
1903-04;68.9;5.7;19.5;1903-04-17;17;9;4;3;0;0;0;3;0;2;0
1903-05;28.6;;11.0;1903-05-30;9;7;2;1;0;0;0;0;0;3;0
1903-06;73.5;;14.5;1903-06-11;14;8;6;4;0;0;0;0;0;6;0
1903-07;80.3;;25.5;1903-07-06;10;9;7;3;1;0;0;0;2;4;0
1903-08;12.5;;5.4;1903-08-03;6;3;1;0;0;0;0;0;0;2;0
1903-09;46.6;;10.2;1903-09-16;13;10;4;1;0;0;0;0;0;7;0
1903-10;22.0;;7.1;1903-10-23;9;6;2;0;0;0;0;0;0;0;0
1903-11;65.7;12.0;10.8;1903-11-19;17;12;7;1;0;0;0;3;0;1;0
1903-12;58.6;14.1;18.1;1903-12-01;18;11;4;2;0;0;0;4;0;0;0
1904-01;19.5;16.9;7.9;1904-01-17;11;6;1;0;0;0;0;12;0;0;1
1904-02;55.6;9.6;13.1;1904-02-09;16;12;3;2;0;0;0;6;0;0;0
1904-03;35.4;1.6;23.8;1904-03-30;8;5;2;1;1;0;0;3;0;0;0
1904-04;15.6;;3.8;1904-04-04;10;6;0;0;0;0;0;0;0;0;0
1904-05;51.0;;23.1;1904-05-23;12;7;2;2;1;0;0;0;0;2;0
1904-06;24.5;;16.1;1904-06-26;7;4;1;1;0;0;0;0;0;2;0
1904-07;5.2;;3.5;1904-07-02;5;1;0;0;0;0;0;0;0;3;0
1904-08;17.8;;5.8;1904-08-11;6;4;1;0;0;0;0;0;0;2;0
1904-09;46.4;;14.3;1904-09-03;13;8;3;2;0;0;0;0;0;1;0
1904-10;79.6;;22.3;1904-10-11;15;11;6;3;1;0;0;0;1;1;0
1904-11;60.2;17.5;13.8;1904-11-08;12;9;6;2;0;0;0;9;0;0;0
1904-12;12.9;4.0;2.9;1904-12-29;11;5;0;0;0;0;0;3;0;0;0
1905-01;16.8;11.2;4.7;1905-01-07;16;4;0;0;0;0;0;15;0;0;0
1905-02;15.1;14.9;7.3;1905-02-04;9;4;1;0;0;0;0;7;0;0;0
1905-03;32.4;1.3;12.8;1905-03-14;13;5;2;2;0;0;0;1;1;0;0
1905-04;37.9;0.0;14.8;1905-04-17;9;6;3;1;0;0;0;2;1;1;0
1905-05;116.4;;26.9;1905-05-09;14;13;6;4;2;0;0;0;0;6;0
1905-06;82.4;;34.3;1905-06-14;11;9;4;3;1;1;0;0;2;10;0
1905-07;15.0;;4.3;1905-07-06;5;5;0;0;0;0;0;0;0;5;0
1905-08;39.6;;13.8;1905-08-12;7;5;3;2;0;0;0;0;0;4;0
1905-09;52.5;;17.8;1905-09-26;11;9;3;2;0;0;0;0;0;2;0
1905-10;94.3;17.3;22.0;1905-10-23;15;12;7;3;1;0;0;2;0;0;0
1905-11;94.5;;16.9;1905-11-21;20;16;8;3;0;0;0;0;0;0;0
1905-12;13.3;7.7;7.5;1905-12-28;6;4;1;0;0;0;0;7;0;0;1
1906-01;22.0;19.4;5.8;1906-01-07;14;7;1;0;0;0;0;11;0;0;0
1906-02;17.2;13.8;5.5;1906-02-05;7;4;1;0;0;0;0;9;0;0;0
1906-03;60.8;7.5;11.5;1906-03-25;18;14;4;1;0;0;0;7;0;0;0
1906-04;48.8;0.0;24.7;1906-04-28;6;4;3;2;1;0;0;1;2;3;0
1906-05;69.1;;32.8;1906-05-16;11;7;5;2;1;1;0;0;3;9;0
1906-06;102.6;;18.3;1906-06-15;13;9;7;5;0;0;0;0;1;4;0
1906-07;98.1;;28.8;1906-07-19;12;9;4;4;2;0;0;0;2;3;0
1906-08;66.8;;22.7;1906-08-17;10;7;3;3;1;0;0;0;0;5;0
1906-09;113.3;;35.6;1906-09-17;13;11;8;4;1;1;0;0;0;2;0
1906-10;5.6;;2.8;1906-10-03;4;2;0;0;0;0;0;0;0;0;0
1906-11;29.5;;12.6;1906-11-09;6;6;3;1;0;0;0;0;1;0;0
1906-12;101.6;61.2;34.2;1906-12-09;15;11;6;2;2;1;0;16;0;0;0
1907-01;59.0;52.4;28.7;1907-01-30;17;9;2;1;1;0;0;12;0;0;0
1907-02;14.2;14.2;4.1;1907-02-14;10;6;0;0;0;0;0;14;0;0;0
1907-03;9.6;5.4;2.5;1907-03-22;10;5;0;0;0;0;0;9;0;0;0
1907-04;84.4;;13.0;1907-04-06;19;17;7;2;0;0;0;0;0;0;0
1907-05;30.7;;11.9;1907-05-24;9;8;1;1;0;0;0;0;1;5;0
1907-06;84.7;;42.9;1907-06-23;9;6;5;3;1;1;0;0;1;4;0
1907-07;50.0;;20.6;1907-07-14;10;7;3;2;1;0;0;0;0;6;0
1907-08;21.9;;11.8;1907-08-07;6;5;1;1;0;0;0;0;0;4;0
1907-09;13.7;;3.9;1907-09-04;5;4;0;0;0;0;0;0;0;0;0
1907-10;6.9;;4.9;1907-10-01;4;1;0;0;0;0;0;0;0;0;0
1907-11;21.1;10.3;7.0;1907-11-23;9;6;2;0;0;0;0;4;0;0;0
1907-12;58.5;10.5;17.3;1907-12-06;20;13;4;1;0;0;0;4;1;0;0
1908-01;25.8;2.6;15.9;1908-01-27;6;4;2;1;0;0;0;5;2;0;1
1908-02;47.8;33.4;13.4;1908-02-24;12;8;3;2;0;0;0;14;0;0;0
1908-03;37.5;6.3;10.7;1908-03-03;14;11;2;1;0;0;0;5;2;0;0
1908-04;69.2;36.9;36.9;1908-04-08;12;9;2;2;1;1;0;1;0;0;0
1908-05;91.2;;43.3;1908-05-28;11;7;4;3;1;1;0;0;1;7;0
1908-06;17.4;;9.4;1908-06-07;5;4;1;0;0;0;0;0;0;4;0
1908-07;20.1;;8.4;1908-07-26;9;6;1;0;0;0;0;0;0;8;0
1908-08;52.9;;14.6;1908-08-09;10;8;5;1;0;0;0;0;0;0;0
1908-09;7.2;;3.6;1908-09-27;7;3;0;0;0;0;0;0;0;0;0
1908-10;2.1;0.2;1.0;1908-10-23;6;1;0;0;0;0;0;2;0;0;0
1908-11;33.8;28.6;9.1;1908-11-19;7;7;3;0;0;0;0;6;0;0;0
1908-12;48.8;48.0;23.5;1908-12-11;9;5;2;2;1;0;0;11;0;0;0
1909-01;23.8;18.7;6.3;1909-01-13;10;9;1;0;0;0;0;10;0;0;0
1909-02;38.5;28.1;23.7;1909-02-03;10;3;2;2;1;0;0;12;0;0;0
1909-03;45.2;27.2;11.9;1909-03-16;16;10;3;1;0;0;0;5;2;1;0
1909-04;18.3;0.7;9.5;1909-04-14;8;4;1;0;0;0;0;2;0;0;0
1909-05;60.0;;20.1;1909-05-29;13;9;6;1;1;0;0;0;0;4;0
1909-06;46.4;;23.2;1909-06-05;10;6;3;1;1;0;0;0;0;6;0
1909-07;66.9;;17.3;1909-07-11;14;10;5;3;0;0;0;0;0;6;0
1909-08;47.1;;21.3;1909-08-27;9;5;3;1;1;0;0;0;0;8;0
1909-09;28.8;;13.2;1909-09-05;10;5;2;1;0;0;0;0;0;3;0
1909-10;33.4;;29.3;1909-10-26;3;3;1;1;1;0;0;0;0;1;0
1909-11;19.1;7.9;6.4;1909-11-12;10;5;1;0;0;0;0;5;0;0;0
1909-12;87.5;0.1;23.3;1909-12-21;17;14;7;2;1;0;0;1;0;0;1
1910-01;57.1;27.1;13.4;1910-01-30;15;11;4;2;0;0;0;8;0;0;1
1910-02;37.6;12.1;6.4;1910-02-27;12;8;4;0;0;0;0;7;0;0;0
1910-03;0.8;0.0;0.3;1910-03-18;4;0;0;0;0;0;0;3;0;0;0
1910-04;83.8;;23.5;1910-04-18;9;7;5;5;1;0;0;0;0;2;0
1910-05;81.5;;36.0;1910-05-02;14;10;3;2;1;1;0;0;0;7;0
1910-06;84.0;;23.5;1910-06-07;14;12;5;2;1;0;0;0;1;14;0
1910-07;8.6;;4.4;1910-07-11;7;3;0;0;0;0;0;0;0;3;0
1910-08;60.1;;37.5;1910-08-31;9;6;3;1;1;1;0;0;0;5;0
1910-09;106.5;;38.0;1910-09-21;12;9;6;4;1;1;0;0;0;1;0
1910-10;13.1;;5.0;1910-10-05;7;4;1;0;0;0;0;0;0;0;0
1910-11;80.7;7.9;14.8;1910-11-10;16;12;8;2;0;0;0;5;0;0;0
1910-12;77.9;24.4;18.4;1910-12-18;23;14;4;2;0;0;0;5;0;0;0
1911-01;17.4;7.3;6.3;1911-01-04;8;3;2;0;0;0;0;9;0;0;0
1911-02;23.6;13.2;4.8;1911-02-24;15;7;0;0;0;0;0;11;0;0;0
1911-03;26.8;5.2;7.4;1911-03-02;16;10;1;0;0;0;0;3;0;0;0
1911-04;31.6;15.5;10.8;1911-04-04;12;7;1;1;0;0;0;5;0;3;0
1911-05;149.0;;48.7;1911-05-31;19;9;7;5;3;2;0;0;2;10;0
1911-06;32.6;;12.6;1911-06-01;8;5;2;2;0;0;0;0;0;2;0
1911-07;21.9;;12.3;1911-07-03;4;4;1;1;0;0;0;0;0;5;0
1911-08;38.4;;12.2;1911-08-10;12;5;4;2;0;0;0;0;0;8;0
1911-09;50.7;;18.3;1911-09-24;8;7;3;3;0;0;0;0;1;2;0
1911-10;68.4;;27.1;1911-10-24;8;6;3;3;2;0;0;0;1;2;0
1911-11;21.5;;16.5;1911-11-19;9;3;1;1;0;0;0;0;0;0;0
1911-12;57.2;11.9;13.9;1911-12-09;20;13;4;1;0;0;0;3;0;0;0
1912-01;25.0;6.4;5.8;1912-01-25;10;8;2;0;0;0;0;5;0;0;1
1912-02;38.6;10.8;10.5;1912-02-05;11;7;3;1;0;0;0;3;2;0;0
1912-03;86.0;;37.1;1912-03-08;14;10;4;2;1;1;0;0;1;3;0
1912-04;79.6;47.1;44.4;1912-04-02;9;6;4;2;1;1;0;5;0;0;0
1912-05;40.1;;18.1;1912-05-17;12;8;3;1;0;0;0;0;0;3;0
1912-06;95.4;;42.6;1912-06-09;8;7;4;3;2;1;0;0;1;4;0
1912-07;26.8;;10.5;1912-07-26;10;7;1;1;0;0;0;0;0;6;0
1912-08;26.8;;14.7;1912-08-27;10;6;1;1;0;0;0;0;0;4;0
1912-09;108.5;;34.2;1912-09-13;19;10;4;3;2;1;0;0;0;0;0
1912-10;68.3;;21.3;1912-10-25;12;11;5;2;1;0;0;0;0;0;0
1912-11;58.6;39.8;19.0;1912-11-12;15;9;4;2;0;0;0;10;0;0;0
1912-12;36.6;3.1;12.7;1912-12-01;15;7;3;1;0;0;0;3;0;0;1
1913-01;40.5;40.4;8.4;1913-01-20;13;8;4;0;0;0;0;18;0;0;1
1913-02;6.0;5.3;5.1;1913-02-03;4;1;1;0;0;0;0;6;1;0;0
1913-03;31.2;0.3;27.9;1913-03-26;6;2;1;1;1;0;0;1;1;1;0
1913-04;60.1;39.3;18.7;1913-04-13;11;9;5;2;0;0;0;6;0;1;0
1913-05;89.4;;27.8;1913-05-06;12;11;5;3;1;0;0;0;0;5;0
1913-06;57.3;;20.7;1913-06-20;8;6;3;2;1;0;0;0;0;4;0
1913-07;83.4;;30.4;1913-07-08;15;14;4;2;1;1;0;0;0;4;0
1913-08;79.7;;21.2;1913-08-14;19;13;3;3;2;0;0;0;1;4;0
1913-09;61.4;;19.9;1913-09-18;9;6;4;3;0;0;0;0;0;3;0
1913-10;23.9;;16.6;1913-10-04;4;3;2;1;0;0;0;0;0;0;0
1913-11;31.6;4.4;14.8;1913-11-06;9;7;1;1;0;0;0;1;0;0;0
1913-12;24.1;15.3;6.9;1913-12-14;15;7;2;0;0;0;0;10;0;0;0
1914-01;6.9;6.9;4.2;1914-01-20;5;2;0;0;0;0;0;14;0;0;0
1914-02;10.7;10.7;9.3;1914-02-19;3;2;1;0;0;0;0;8;0;0;0
1914-03;109.8;;22.5;1914-03-27;14;10;8;6;1;0;0;0;0;1;0
1914-04;9.9;;5.4;1914-04-08;4;3;1;0;0;0;0;0;0;0;0
1914-05;121.5;;31.5;1914-05-10;16;14;5;4;2;1;0;0;0;4;0
1914-06;75.0;;15.5;1914-06-14;16;11;5;3;0;0;0;0;2;12;0
1914-07;179.3;;50.2;1914-07-17;14;10;8;7;4;2;1;0;2;9;0
1914-08;40.0;;37.0;1914-08-17;4;3;1;1;1;1;0;0;1;2;0
1914-09;113.2;;28.5;1914-09-19;13;9;5;4;3;0;0;0;1;2;0
1914-10;34.8;;8.1;1914-10-29;11;9;2;0;0;0;0;0;0;0;0
1914-11;7.1;1.5;5.2;1914-11-16;3;2;1;0;0;0;0;1;0;0;0
1914-12;77.2;2.9;28.9;1914-12-22;16;11;6;2;1;0;0;1;0;0;2
1915-01;100.2;13.2;28.5;1915-01-09;21;15;6;3;1;0;0;6;0;0;0
1915-02;31.2;3.8;10.5;1915-02-14;15;7;3;1;0;0;0;10;0;1;0
1915-03;95.9;54.8;24.3;1915-03-06;21;13;6;3;1;0;0;11;0;0;0
1915-04;15.9;;7.4;1915-04-14;9;3;1;0;0;0;0;0;0;0;0
1915-05;63.1;;14.8;1915-05-20;11;10;6;1;0;0;0;0;1;7;0
1915-06;160.5;;55.4;1915-06-20;12;10;7;6;3;1;1;0;1;9;0
1915-07;74.5;;28.9;1915-07-24;15;10;5;2;1;0;0;0;0;6;0
1915-08;58.2;;24.1;1915-08-30;10;8;3;2;1;0;0;0;0;4;0
1915-09;123.8;;62.1;1915-09-03;11;9;4;4;2;1;1;0;0;2;0
1915-10;100.7;0.0;21.1;1915-10-05;18;13;6;4;2;0;0;1;0;0;0
1915-11;62.8;35.9;22.2;1915-11-15;19;11;3;2;1;0;0;8;0;0;0
1915-12;53.1;20.6;14.4;1915-12-20;17;12;3;2;0;0;0;4;0;0;1
1916-01;32.9;2.6;10.3;1916-01-11;13;8;2;1;0;0;0;7;0;0;1
1916-02;44.5;23.0;10.0;1916-02-09;10;6;5;1;0;0;0;7;0;0;0
1916-03;76.8;;12.8;1916-03-26;17;11;6;4;0;0;0;0;0;2;0
1916-04;97.2;;41.8;1916-04-24;16;8;3;2;2;1;0;0;0;3;0
1916-05;61.2;;16.9;1916-05-15;12;7;5;3;0;0;0;0;3;7;0
1916-06;59.0;;12.7;1916-06-19;12;8;5;2;0;0;0;0;0;12;0
1916-07;11.7;;3.2;1916-07-16;11;5;0;0;0;0;0;0;0;6;0
1916-08;38.3;;20.7;1916-08-14;10;5;3;1;1;0;0;0;0;4;0
1916-09;80.2;;24.3;1916-09-21;14;10;5;2;1;0;0;0;0;0;0
1916-10;30.3;;5.8;1916-10-22;14;10;3;0;0;0;0;0;0;0;0
1916-11;54.9;22.1;22.1;1916-11-18;9;6;4;2;1;0;0;2;0;1;0
1916-12;88.1;21.8;21.8;1916-12-19;19;13;4;3;1;0;0;3;0;0;0
1917-01;57.3;23.9;11.6;1917-01-12;20;15;2;1;0;0;0;13;0;0;0
1917-02;22.2;22.2;6.9;1917-02-06;8;5;2;0;0;0;0;10;0;0;0
1917-03;36.3;28.5;12.8;1917-03-25;16;9;2;1;0;0;0;9;1;0;0
1917-04;50.9;16.4;13.6;1917-04-06;20;12;3;2;0;0;0;3;1;2;0
1917-05;18.8;;7.6;1917-05-12;6;3;2;0;0;0;0;0;0;3;0
1917-06;27.4;;17.7;1917-06-01;6;4;1;1;0;0;0;0;0;4;0
1917-07;30.8;;10.9;1917-07-10;8;7;2;1;0;0;0;0;1;10;0
1917-08;29.0;;13.5;1917-08-16;4;4;3;1;0;0;0;0;0;4;0
1917-09;22.1;;9.7;1917-09-02;4;3;2;0;0;0;0;0;0;1;0
1917-10;39.7;;9.1;1917-10-31;14;10;3;0;0;0;0;0;0;1;0
1917-11;30.6;;13.3;1917-11-13;12;5;2;1;0;0;0;0;0;0;0
1917-12;80.7;70.1;20.5;1917-12-07;15;10;6;3;1;0;0;14;0;0;0
1918-01;15.8;14.2;8.9;1918-01-08;9;5;1;0;0;0;0;10;0;0;0
1918-02;19.1;8.9;8.9;1918-02-14;6;4;2;0;0;0;0;3;0;0;1
1918-03;20.5;2.5;5.3;1918-03-12;7;5;2;0;0;0;0;2;1;0;0
1918-04;38.8;;8.9;1918-04-07;15;8;3;0;0;0;0;0;1;5;0
1918-05;51.6;;10.4;1918-05-24;12;10;5;1;0;0;0;0;0;4;0
1918-06;41.7;;36.8;1918-06-12;5;3;1;1;1;1;0;0;0;2;0
1918-07;49.1;;10.4;1918-07-12;13;9;4;1;0;0;0;0;0;4;0
1918-08;104.9;;33.5;1918-08-30;13;11;6;3;2;1;0;0;0;5;0
1918-09;58.0;;31.0;1918-09-28;9;7;3;1;1;1;0;0;0;1;0
1918-10;111.2;;27.4;1918-10-26;17;14;7;4;1;0;0;0;0;1;0
1918-11;77.1;31.9;24.4;1918-11-02;15;10;3;3;2;0;0;7;0;1;0
1918-12;59.4;42.2;8.9;1918-12-23;24;15;4;0;0;0;0;15;0;0;0
1919-01;49.2;34.1;16.0;1919-01-22;16;9;3;1;0;0;0;14;0;0;0
1919-02;49.1;6.1;14.2;1919-02-17;14;10;3;1;0;0;0;5;0;0;1
1919-03;61.9;28.4;11.8;1919-03-21;21;14;5;2;0;0;0;7;0;1;0
1919-04;72.9;;13.9;1919-04-17;13;12;7;2;0;0;0;0;1;4;0
1919-05;54.9;;11.9;1919-05-23;13;10;6;1;0;0;0;0;2;6;0
1919-06;22.5;;10.4;1919-06-24;5;3;2;1;0;0;0;0;0;1;0
1919-07;28.9;;7.9;1919-07-02;12;6;3;0;0;0;0;0;0;7;0
1919-08;21.8;;7.3;1919-08-06;8;5;1;0;0;0;0;0;0;5;0
1919-09;24.6;;9.0;1919-09-21;4;4;2;0;0;0;0;0;0;3;0
1919-10;64.8;3.5;18.1;1919-10-03;15;13;4;1;0;0;0;1;0;1;0
1919-11;147.4;58.5;29.4;1919-11-02;23;20;9;6;1;0;0;11;0;0;0
1919-12;63.0;34.2;12.7;1919-12-05;20;13;4;2;0;0;0;14;1;1;1
1920-01;40.9;5.6;6.3;1920-01-12;19;11;2;0;0;0;0;6;0;1;0
1920-02;16.8;4.1;5.9;1920-02-27;6;5;1;0;0;0;0;1;1;1;1
1920-03;36.9;27.0;9.9;1920-03-11;10;7;3;0;0;0;0;5;0;0;0
1920-04;81.4;;19.1;1920-04-01;10;9;5;4;0;0;0;0;1;4;0
1920-05;59.0;;42.2;1920-05-05;7;4;2;1;1;1;0;0;0;4;0
1920-06;76.2;;21.0;1920-06-19;19;12;4;2;1;0;0;0;0;7;0
1920-07;116.3;;64.3;1920-07-29;14;8;4;3;1;1;1;0;0;6;0
1920-08;28.1;;5.6;1920-08-11;13;9;2;0;0;0;0;0;1;5;0
1920-09;57.8;;19.7;1920-09-01;12;10;3;3;0;0;0;0;1;2;0
1920-10;25.9;;16.7;1920-10-03;7;5;1;1;0;0;0;0;0;1;0
1920-11;11.5;7.5;3.6;1920-11-07;12;4;0;0;0;0;0;8;0;0;0
1920-12;96.6;69.2;17.7;1920-12-15;20;12;8;4;0;0;0;9;0;0;0
1921-01;39.2;22.9;18.7;1921-01-24;16;6;2;1;0;0;0;5;0;0;0
1921-02;61.5;40.6;32.9;1921-02-04;9;7;3;1;1;1;0;7;0;0;0
1921-03;1.0;0.0;1.0;1921-03-07;1;1;0;0;0;0;0;1;0;0;0
1921-04;43.0;;11.3;1921-04-28;13;11;3;1;0;0;0;0;1;2;0
1921-05;68.3;;29.9;1921-05-02;14;7;5;1;1;0;0;0;0;9;0
1921-06;49.8;;17.9;1921-06-14;10;9;3;2;0;0;0;0;0;4;0
1921-07;24.8;;13.6;1921-07-18;8;4;1;1;0;0;0;0;0;5;0
1921-08;48.7;;33.6;1921-08-29;10;7;1;1;1;1;0;0;0;5;0
1921-09;15.3;;11.5;1921-09-12;4;3;1;1;0;0;0;0;0;1;0
1921-10;29.3;;19.1;1921-10-29;5;3;2;1;0;0;0;0;0;0;0
1921-11;65.4;18.3;16.4;1921-11-10;18;11;3;3;0;0;0;4;0;0;0
1921-12;31.9;4.6;7.7;1921-12-24;11;6;3;0;0;0;0;9;0;0;0
1922-01;90.8;52.1;21.6;1922-01-31;14;7;5;5;2;0;0;10;0;0;0
1922-02;28.5;22.3;9.1;1922-02-03;12;7;1;0;0;0;0;9;0;0;0
1922-03;59.6;6.7;18.9;1922-03-22;11;7;5;2;0;0;0;1;1;2;0
1922-04;95.5;18.3;21.0;1922-04-04;13;11;5;4;1;0;0;1;1;2;0
1922-05;14.9;;5.0;1922-05-27;8;4;1;0;0;0;0;0;0;1;0
1922-06;29.4;;8.0;1922-06-16;14;7;2;0;0;0;0;0;0;2;0
1922-07;40.0;;13.6;1922-07-24;10;6;3;1;0;0;0;0;2;3;0
1922-08;20.8;;6.0;1922-08-11;9;6;2;0;0;0;0;0;0;3;0
1922-09;115.8;;32.5;1922-09-04;17;13;7;4;1;1;0;0;0;3;0
1922-10;82.5;;19.7;1922-10-08;21;14;5;2;0;0;0;0;0;0;0
1922-11;55.1;13.9;17.3;1922-11-04;9;7;3;3;0;0;0;4;0;0;0
1922-12;23.1;9.8;5.8;1922-12-08;14;7;1;0;0;0;0;4;0;0;2
1923-01;51.6;32.3;8.6;1923-01-13;20;12;5;0;0;0;0;11;0;0;0
1923-02;66.5;34.7;17.8;1923-02-28;14;10;3;3;0;0;0;11;0;0;0
1923-03;38.3;3.5;7.9;1923-03-11;11;10;1;0;0;0;0;3;0;0;0
1923-04;59.7;0.0;38.6;1923-04-15;12;5;3;1;1;1;0;1;0;1;0
1923-05;21.3;;13.2;1923-05-12;10;3;1;1;0;0;0;0;0;4;0
1923-06;41.8;;15.4;1923-06-17;15;6;3;2;0;0;0;0;0;2;0
1923-07;40.8;;23.3;1923-07-06;8;3;2;2;1;0;0;0;1;3;0
1923-08;17.3;;6.1;1923-08-18;9;5;1;0;0;0;0;0;0;3;0
1923-09;26.4;;13.9;1923-09-15;9;4;2;1;0;0;0;0;0;4;0
1923-10;78.4;;20.5;1923-10-05;11;9;4;3;1;0;0;0;0;0;0
1923-11;138.8;39.8;29.0;1923-11-08;21;15;7;5;3;0;0;3;0;0;0
1923-12;46.6;19.6;11.9;1923-12-02;18;9;4;1;0;0;0;7;0;0;0
1924-01;22.9;17.2;7.1;1924-01-16;16;6;1;0;0;0;0;13;0;0;0
1924-02;64.6;61.7;18.9;1924-02-10;12;10;5;3;0;0;0;13;0;0;0
1924-03;60.9;16.6;9.9;1924-03-30;14;8;7;0;0;0;0;6;0;0;0
1924-04;78.8;;17.1;1924-04-29;16;9;5;4;0;0;0;0;0;2;0
1924-05;73.6;;24.8;1924-05-10;14;8;4;4;1;0;0;0;0;7;0
1924-06;211.0;;50.0;1924-06-02;10;9;8;7;4;3;1;0;2;8;0
1924-07;36.0;;22.3;1924-07-31;8;4;2;1;1;0;0;0;0;2;0
1924-08;54.1;;26.4;1924-08-20;16;9;2;1;1;0;0;0;0;5;0
1924-09;24.8;;6.2;1924-09-27;11;7;3;0;0;0;0;0;0;2;0
1924-10;13.0;;5.8;1924-10-28;7;4;1;0;0;0;0;0;0;0;0
1924-11;9.6;5.1;3.4;1924-11-17;5;3;0;0;0;0;0;2;0;0;0
1924-12;9.1;0.6;4.7;1924-12-04;6;2;0;0;0;0;0;4;0;0;1
1925-01;6.3;0.3;4.6;1925-01-30;4;2;0;0;0;0;0;6;0;0;1
1925-02;38.8;;11.7;1925-02-27;9;6;3;1;0;0;0;0;0;0;0
1925-03;39.8;26.1;12.8;1925-03-04;14;9;2;2;0;0;0;11;0;0;0
1925-04;49.6;;16.8;1925-04-10;15;11;2;2;0;0;0;0;1;3;0
1925-05;68.2;;35.7;1925-05-02;10;4;4;2;1;1;0;0;0;5;0
1925-06;68.8;;22.8;1925-06-17;15;10;3;2;1;0;0;0;0;7;0
1925-07;112.6;;41.3;1925-07-16;15;14;6;2;1;1;0;0;0;10;0
1925-08;64.3;;18.5;1925-08-20;9;6;5;3;0;0;0;0;0;6;0
1925-09;53.3;;11.1;1925-09-03;16;10;4;1;0;0;0;0;0;1;0
1925-10;23.4;;6.5;1925-10-23;9;5;3;0;0;0;0;0;0;0;0
1925-11;90.8;26.9;23.0;1925-11-08;15;11;7;2;2;0;0;3;0;0;0
1925-12;41.2;17.8;11.3;1925-12-01;17;8;2;1;0;0;0;11;0;0;0
1926-01;31.5;22.7;16.0;1926-01-15;12;6;1;1;0;0;0;8;0;0;0
1926-02;8.9;0.7;1.7;1926-02-20;12;5;0;0;0;0;0;2;0;0;0
1926-03;34.8;9.1;11.6;1926-03-28;17;8;2;1;0;0;0;9;0;0;0
1926-04;28.3;;10.2;1926-04-20;11;5;2;1;0;0;0;0;1;2;0
1926-05;46.3;;9.9;1926-05-19;14;8;4;0;0;0;0;0;0;6;0
1926-06;161.5;;39.7;1926-06-23;21;18;12;4;2;1;0;0;1;9;0
1926-07;73.6;;25.7;1926-07-01;14;10;5;2;1;0;0;0;1;8;0
1926-08;39.7;;14.6;1926-08-12;8;5;3;2;0;0;0;0;1;4;0
1926-09;17.2;;7.5;1926-09-29;5;4;2;0;0;0;0;0;0;3;0
1926-10;105.9;22.9;33.6;1926-10-22;11;7;5;5;2;1;0;1;0;4;0
1926-11;34.1;;13.2;1926-11-10;14;7;1;1;0;0;0;0;0;0;0
1926-12;49.3;4.7;18.5;1926-12-02;16;8;3;2;0;0;0;3;0;0;1
1927-01;45.9;8.9;9.4;1927-01-20;15;9;5;0;0;0;0;5;0;0;0
1927-02;12.4;2.7;8.3;1927-02-27;9;2;1;0;0;0;0;7;0;0;0
1927-03;70.0;;12.9;1927-03-03;16;10;5;3;0;0;0;0;0;0;0
1927-04;62.7;;13.9;1927-04-24;18;11;4;2;0;0;0;0;1;1;0
1927-05;24.1;;6.5;1927-05-28;12;6;2;0;0;0;0;0;0;3;0
1927-06;45.9;;15.4;1927-06-27;8;6;4;1;0;0;0;0;1;6;0
1927-07;46.4;;19.7;1927-07-17;12;7;2;2;0;0;0;0;0;8;0
1927-08;106.8;;26.8;1927-08-30;11;11;8;3;1;0;0;0;0;7;0
1927-09;60.1;;15.1;1927-09-26;12;9;6;1;0;0;0;0;0;3;0
1927-10;24.0;;6.7;1927-10-17;9;5;2;0;0;0;0;0;0;0;0
1927-11;42.2;13.7;12.1;1927-11-14;12;8;3;2;0;0;0;3;0;0;0
1927-12;47.1;39.6;7.5;1927-12-27;18;13;4;0;0;0;0;18;0;0;0
1928-01;27.2;20.1;11.8;1928-01-06;14;6;1;1;0;0;0;12;0;0;1
1928-02;15.4;7.9;3.2;1928-02-15;14;6;0;0;0;0;0;8;2;1;0
1928-03;18.1;4.1;4.5;1928-03-07;9;5;0;0;0;0;0;6;0;0;0
1928-04;35.3;;12.0;1928-04-12;10;6;3;1;0;0;0;0;0;1;0
1928-05;55.1;;12.3;1928-05-08;15;11;3;2;0;0;0;0;0;7;0
1928-06;57.5;;19.6;1928-06-06;8;4;3;3;0;0;0;0;1;5;0
1928-07;16.2;;7.8;1928-07-29;5;3;2;0;0;0;0;0;0;6;0
1928-08;20.6;;4.8;1928-08-05;8;7;0;0;0;0;0;0;0;4;0
1928-09;63.0;;18.2;1928-09-28;14;11;5;2;0;0;0;0;0;1;0
1928-10;14.8;;9.8;1928-10-01;6;2;1;0;0;0;0;0;0;0;0
1928-11;68.0;0.3;22.7;1928-11-09;16;8;4;2;1;0;0;1;0;0;0
1928-12;43.1;27.3;17.4;1928-12-30;14;9;3;1;0;0;0;13;1;0;0
1929-01;69.8;69.8;33.5;1929-01-02;12;9;2;2;1;1;0;17;0;0;0
1929-02;47.2;40.6;22.5;1929-02-13;8;5;3;1;1;0;0;8;0;0;0
1929-03;10.8;7.6;5.2;1929-03-27;7;3;1;0;0;0;0;7;0;0;0
1929-04;72.9;7.2;19.7;1929-04-26;12;8;6;2;0;0;0;4;0;1;0
1929-05;106.8;;20.0;1929-05-14;15;11;7;4;1;0;0;0;1;10;0
1929-06;65.7;;20.5;1929-06-04;14;9;4;2;1;0;0;0;1;9;0
1929-07;8.8;;3.6;1929-07-31;7;5;0;0;0;0;0;0;0;7;0
1929-08;128.4;;61.6;1929-08-13;8;8;4;3;2;1;1;0;2;6;0
1929-09;17.8;;11.7;1929-09-21;4;3;1;1;0;0;0;0;0;2;0
1929-10;56.5;;25.6;1929-10-27;9;6;4;2;1;0;0;0;0;0;0
1929-11;71.0;;17.6;1929-11-11;19;15;6;1;0;0;0;0;1;1;0
1929-12;37.9;14.8;8.3;1929-12-01;14;10;3;0;0;0;0;6;0;0;0
1930-01;35.4;27.6;14.9;1930-01-02;10;5;2;1;0;0;0;6;0;0;3
1930-02;79.4;42.1;35.1;1930-02-07;10;7;6;3;1;1;0;4;0;0;0
1930-03;46.5;0.8;12.5;1930-03-01;13;9;3;1;0;0;0;1;0;0;0
1930-04;91.6;;11.1;1930-04-04;16;12;9;4;0;0;0;0;2;6;0
1930-05;49.7;;14.4;1930-05-31;15;10;2;2;0;0;0;0;1;5;0
1930-06;41.0;;24.2;1930-06-04;5;4;2;2;1;0;0;0;1;6;0
1930-07;43.4;;13.2;1930-07-24;9;7;3;2;0;0;0;0;0;3;0
1930-08;29.5;;13.8;1930-08-08;9;5;2;1;0;0;0;0;0;5;0
1930-09;43.5;;16.4;1930-09-28;13;8;3;1;0;0;0;0;0;2;0
1930-10;130.8;;26.1;1930-10-26;16;11;9;8;1;0;0;0;0;1;0
1930-11;39.3;3.9;15.7;1930-11-04;12;5;3;1;0;0;0;1;1;1;0
1930-12;90.2;62.6;17.2;1930-12-12;20;15;7;4;0;0;0;15;0;0;1
1931-01;48.2;34.9;12.0;1931-01-02;17;9;3;1;0;0;0;13;0;0;0
1931-02;58.1;36.4;15.2;1931-02-15;16;9;5;2;0;0;0;12;0;0;0
1931-03;52.6;25.0;12.0;1931-03-01;10;10;4;1;0;0;0;7;2;0;0
1931-04;71.6;0.0;43.2;1931-04-21;10;6;2;2;1;1;0;2;0;1;0
1931-05;65.0;;25.7;1931-05-20;11;5;4;2;1;0;0;0;1;4;0
1931-06;40.3;;15.9;1931-06-01;15;7;3;1;0;0;0;0;1;6;0
1931-07;9.4;;5.3;1931-07-02;4;3;1;0;0;0;0;0;0;5;0
1931-08;88.7;;18.8;1931-08-07;14;10;8;3;0;0;0;0;1;4;0
1931-09;42.8;;9.3;1931-09-24;16;10;4;0;0;0;0;0;1;2;0
1931-10;44.9;0.2;9.5;1931-10-24;12;8;6;0;0;0;0;2;1;1;0
1931-11;80.0;6.3;40.3;1931-11-10;11;8;4;3;1;1;0;3;0;0;0
1931-12;13.4;11.5;6.6;1931-12-04;11;4;1;0;0;0;0;9;0;0;0
1932-01;24.7;11.9;6.4;1932-01-03;7;6;2;0;0;0;0;14;0;0;0
1932-02;6.7;6.7;3.1;1932-02-12;6;2;0;0;0;0;0;16;0;0;0
1932-03;44.1;15.0;19.7;1932-03-17;11;6;3;2;0;0;0;9;0;0;0
1932-04;57.9;;16.4;1932-04-14;12;9;4;3;0;0;0;0;2;2;0
1932-05;127.4;;29.2;1932-05-29;13;12;8;7;1;0;0;0;1;8;0
1932-06;52.1;;13.8;1932-06-02;11;8;5;2;0;0;0;0;1;4;0
1932-07;78.4;;26.5;1932-07-11;10;7;5;3;1;0;0;0;1;10;0
1932-08;69.0;;26.4;1932-08-05;7;5;4;3;1;0;0;0;0;3;0
1932-09;4.7;;2.7;1932-09-12;5;1;0;0;0;0;0;0;0;1;0
1932-10;53.2;;9.0;1932-10-10;19;13;3;0;0;0;0;0;0;3;0
1932-11;7.5;;3.6;1932-11-24;9;2;0;0;0;0;0;0;0;0;1
1932-12;22.4;8.6;6.1;1932-12-06;10;6;1;0;0;0;0;4;0;0;4
1933-01;22.0;13.2;7.7;1933-01-19;10;5;1;0;0;0;0;16;0;0;2
1933-02;28.8;16.9;8.1;1933-02-24;12;8;2;0;0;0;0;12;0;0;0
1933-03;40.1;7.6;21.0;1933-03-06;8;5;3;1;1;0;0;1;0;0;0
1933-04;17.1;;9.4;1933-04-21;9;4;1;0;0;0;0;0;0;1;0
1933-05;105.1;;23.4;1933-05-12;16;13;9;4;1;0;0;0;1;4;0
1933-06;91.2;;16.9;1933-06-23;15;12;8;3;0;0;0;0;2;13;0
1933-07;36.5;;23.0;1933-07-12;9;4;2;1;1;0;0;0;0;6;0
1933-08;54.8;;35.1;1933-08-21;5;4;2;2;1;1;0;0;0;6;0
1933-09;23.1;;20.8;1933-09-21;4;2;1;1;1;0;0;0;0;0;0
1933-10;89.7;;22.1;1933-10-13;13;10;6;3;1;0;0;0;0;1;0
1933-11;117.1;0.2;34.6;1933-11-04;17;13;8;4;1;1;0;2;0;0;0
1933-12;47.1;36.1;10.8;1933-12-13;11;8;4;3;0;0;0;15;0;0;0
1934-01;9.2;8.9;2.7;1934-01-28;8;4;0;0;0;0;0;13;0;0;0
1934-02;18.9;9.6;8.2;1934-02-28;8;4;2;0;0;0;0;7;0;0;0
1934-03;17.8;;10.8;1934-03-18;7;3;1;1;0;0;0;0;2;2;0
1934-04;48.8;18.6;18.6;1934-04-03;9;5;4;2;0;0;0;1;1;2;0
1934-05;53.3;;48.4;1934-05-18;6;3;1;1;1;1;0;0;1;5;0
1934-06;123.4;;22.4;1934-06-30;16;14;9;5;1;0;0;0;2;11;0
1934-07;54.6;;19.8;1934-07-11;8;6;4;2;0;0;0;0;0;9;0
1934-08;19.5;;4.6;1934-08-13;10;9;0;0;0;0;0;0;1;3;0
1934-09;84.8;;42.7;1934-09-02;10;7;3;2;2;1;0;0;0;0;0
1934-10;53.5;;33.6;1934-10-15;6;5;3;2;1;1;0;0;0;2;0
1934-11;75.2;16.1;27.7;1934-11-12;13;9;4;2;1;0;0;1;0;2;0
1934-12;44.7;8.9;6.9;1934-12-17;20;13;3;0;0;0;0;5;0;0;0
1935-01;16.7;16.4;5.2;1935-01-01;13;6;1;0;0;0;0;17;0;0;0
1935-02;72.8;44.3;14.5;1935-02-26;16;11;7;3;0;0;0;15;1;0;0
1935-03;46.9;30.0;15.1;1935-03-02;11;7;3;2;0;0;0;10;1;0;0
1935-04;70.2;;37.1;1935-04-18;13;10;3;2;1;1;0;0;1;2;0
1935-05;42.1;;10.6;1935-05-25;10;8;3;1;0;0;0;0;0;7;0
1935-06;33.0;;17.2;1935-06-28;9;6;2;1;0;0;0;0;0;6;0
1935-07;14.5;;10.5;1935-07-26;8;2;1;1;0;0;0;0;0;3;0
1935-08;89.9;;34.6;1935-08-14;13;10;4;3;1;1;0;0;1;7;0
1935-09;33.9;;15.8;1935-09-05;7;5;3;1;0;0;0;0;0;1;0
1935-10;43.7;;13.7;1935-10-28;11;8;3;2;0;0;0;0;0;1;0
1935-11;41.9;24.1;11.9;1935-11-22;10;7;4;1;0;0;0;5;0;0;0
1935-12;115.8;98.3;37.3;1935-12-06;18;12;5;4;1;1;0;17;0;0;0
1936-01;53.8;4.2;10.6;1936-01-04;18;14;4;1;0;0;0;3;0;0;0
1936-02;130.5;39.2;40.0;1936-02-23;15;14;9;4;1;1;0;8;0;0;1
1936-03;31.9;0.0;10.3;1936-03-01;7;5;4;1;0;0;0;1;0;0;0
1936-04;57.7;;17.8;1936-04-07;16;9;4;2;0;0;0;0;2;3;0
1936-05;122.9;;27.2;1936-05-01;19;14;8;5;1;0;0;0;4;15;0
1936-06;49.5;;16.2;1936-06-29;10;6;4;2;0;0;0;0;1;8;0
1936-07;71.3;;36.1;1936-07-31;9;7;3;1;1;1;0;0;0;8;0
1936-08;19.8;;12.2;1936-08-01;7;3;1;1;0;0;0;0;0;4;0
1936-09;56.7;;24.2;1936-09-26;10;6;4;3;1;0;0;0;0;2;0
1936-10;120.3;20.1;31.5;1936-10-28;16;12;6;5;2;1;0;1;0;0;0
1936-11;25.8;1.3;10.0;1936-11-09;12;8;1;1;0;0;0;5;0;0;0
1936-12;30.4;25.8;9.2;1936-12-06;13;6;3;0;0;0;0;11;0;0;0
1937-01;61.5;44.2;18.0;1937-01-27;13;9;4;2;0;0;0;13;0;0;1
1937-02;33.8;25.9;7.5;1937-02-21;15;10;2;0;0;0;0;12;0;0;0
1937-03;155.4;12.5;25.0;1937-03-02;24;18;9;6;3;0;0;3;1;2;0
1937-04;75.4;;19.6;1937-04-12;15;11;6;1;0;0;0;0;0;2;0
1937-05;151.8;;93.9;1937-05-23;8;5;3;3;2;2;1;0;2;11;0
1937-06;92.5;;28.7;1937-06-14;8;8;4;3;2;0;0;0;1;4;0
1937-07;45.9;;14.0;1937-07-25;12;7;3;2;0;0;0;0;0;5;0
1937-08;74.1;;16.4;1937-08-23;12;9;7;4;0;0;0;0;0;5;0
1937-09;47.7;;11.4;1937-09-24;13;8;3;2;0;0;0;0;0;8;0
1937-10;26.8;;10.5;1937-10-24;9;5;2;1;0;0;0;0;0;0;0
1937-11;151.8;67.2;33.3;1937-11-12;18;13;7;6;3;1;0;8;0;0;0
1937-12;70.8;22.2;16.2;1937-12-03;18;13;5;1;0;0;0;12;0;0;0
1938-01;55.1;31.0;12.4;1938-01-27;13;8;5;2;0;0;0;10;0;0;0
1938-02;12.7;12.7;12.1;1938-02-10;2;1;1;1;0;0;0;8;0;0;0
1938-03;8.2;2.3;2.4;1938-03-24;7;5;0;0;0;0;0;6;1;2;0
1938-04;26.4;9.3;7.0;1938-04-18;12;5;3;0;0;0;0;5;0;3;0
1938-05;115.3;;22.3;1938-05-24;15;14;7;4;2;0;0;0;0;4;0
1938-06;48.3;;21.1;1938-06-03;4;3;3;2;1;0;0;0;1;8;0
1938-07;53.8;;17.9;1938-07-10;10;9;5;1;0;0;0;0;0;7;0
1938-08;102.6;;19.6;1938-08-13;17;14;7;5;0;0;0;0;0;10;0
1938-09;12.7;;5.6;1938-09-06;7;2;1;0;0;0;0;0;0;0;0
1938-10;77.1;;18.3;1938-10-01;14;11;6;3;0;0;0;0;0;0;0
1938-11;19.9;;14.5;1938-11-22;8;2;1;1;0;0;0;0;0;0;0
1938-12;49.7;27.0;11.9;1938-12-03;19;9;3;1;0;0;0;12;0;0;1
1939-01;18.9;9.6;8.0;1939-01-27;8;5;2;0;0;0;0;6;0;0;0
1939-02;6.8;2.2;2.2;1939-02-26;6;4;0;0;0;0;0;3;0;0;0
1939-03;86.8;11.3;24.0;1939-03-28;15;12;4;4;2;0;0;10;0;0;0
1939-04;22.2;;12.3;1939-04-30;4;2;2;1;0;0;0;0;1;1;0
1939-05;131.3;;22.5;1939-05-12;25;19;9;6;1;0;0;0;3;12;0
1939-06;105.7;;31.9;1939-06-11;12;12;4;3;2;1;0;0;1;10;0
1939-07;54.5;;26.7;1939-07-07;7;4;2;2;2;0;0;0;0;3;0
1939-08;42.2;;8.1;1939-08-15;12;11;4;0;0;0;0;0;0;8;0
1939-09;58.2;;22.5;1939-09-15;6;5;5;3;1;0;0;0;0;4;0
1939-10;118.7;17.4;24.6;1939-10-23;17;11;7;5;1;0;0;1;0;0;0
1939-11;77.0;3.8;19.3;1939-11-19;16;9;5;4;0;0;0;3;0;0;0
1939-12;19.7;3.6;10.1;1939-12-01;10;3;1;1;0;0;0;6;0;0;0
1940-01;58.7;58.7;15.7;1940-01-23;11;9;5;3;0;0;0;14;0;0;0
1940-02;65.7;63.7;17.8;1940-02-01;11;9;4;4;0;0;0;12;0;0;1
1940-03;10.1;5.9;2.3;1940-03-09;12;6;0;0;0;0;0;16;0;0;0
1940-04;35.9;1.8;12.2;1940-04-05;8;7;3;1;0;0;0;1;2;4;0
1940-05;79.7;0.9;21.1;1940-05-31;17;14;6;2;1;0;0;1;0;3;0
1940-06;144.2;;30.4;1940-06-18;20;16;11;3;2;1;0;0;0;10;0
1940-07;79.7;;22.8;1940-07-09;15;11;6;3;1;0;0;0;1;8;0
1940-08;95.7;;23.5;1940-08-05;14;11;6;3;2;0;0;0;0;3;0
1940-09;49.6;;20.6;1940-09-14;10;7;3;2;1;0;0;0;0;0;0
1940-10;88.2;0.0;46.0;1940-10-29;11;8;4;2;1;1;0;1;0;1;0
1940-11;46.0;2.8;9.6;1940-11-18;18;9;4;0;0;0;0;2;0;0;0
1940-12;22.7;22.7;9.2;1940-12-11;10;6;2;0;0;0;0;16;0;0;0
1941-01;49.5;42.7;10.5;1941-01-31;11;7;5;2;0;0;0;14;0;0;0
1941-02;50.9;11.2;20.0;1941-02-13;14;8;3;1;1;0;0;7;0;0;0
1941-03;69.3;5.7;19.3;1941-03-09;15;10;4;3;0;0;0;5;0;0;0
1941-04;74.8;8.9;20.9;1941-04-26;16;11;5;2;1;0;0;3;2;1;0
1941-05;34.7;;9.0;1941-05-01;15;8;2;0;0;0;0;0;0;2;0
1941-06;54.8;;22.3;1941-06-13;16;7;3;2;1;0;0;0;0;5;0
1941-07;60.6;;24.2;1941-07-11;10;5;4;2;1;0;0;0;1;6;0
1941-08;14.3;;6.8;1941-08-09;10;2;1;0;0;0;0;0;0;1;0
1941-09;14.8;;4.9;1941-09-01;5;4;0;0;0;0;0;0;0;1;0
1941-10;57.2;0.8;16.3;1941-10-11;14;10;3;2;0;0;0;3;0;0;0
1941-11;91.2;6.5;37.0;1941-11-05;13;9;6;2;1;1;0;6;0;0;0
1941-12;36.3;24.2;20.2;1941-12-24;11;5;2;1;1;0;0;10;0;0;0
1942-01;55.1;55.1;12.5;1942-01-08;19;9;5;1;0;0;0;25;0;0;0
1942-02;73.4;69.8;15.9;1942-02-16;13;10;5;4;0;0;0;13;0;0;0
1942-03;20.7;16.4;8.5;1942-03-30;10;7;1;0;0;0;0;7;0;0;2
1942-04;69.4;0.0;16.0;1942-04-29;16;12;4;2;0;0;0;1;0;4;0
1942-05;70.9;;26.1;1942-05-14;11;8;3;2;2;0;0;0;1;6;0
1942-06;36.3;;11.5;1942-06-15;10;4;3;3;0;0;0;0;0;5;0
1942-07;74.9;;42.9;1942-07-19;7;5;3;2;1;1;0;0;1;3;0
1942-08;69.7;;19.2;1942-08-13;8;6;5;3;0;0;0;0;1;6;0
1942-09;11.2;;6.6;1942-09-15;6;3;1;0;0;0;0;0;0;1;0
1942-10;23.4;;12.3;1942-10-18;6;6;1;1;0;0;0;0;0;0;0
1942-11;38.0;12.0;20.5;1942-11-10;8;5;2;1;1;0;0;5;0;0;0
1942-12;16.3;8.4;4.3;1942-12-29;10;4;0;0;0;0;0;4;0;0;1
1943-01;39.2;39.2;16.0;1943-01-15;10;6;3;1;0;0;0;16;0;0;0
1943-02;51.6;10.1;39.4;1943-02-02;8;4;2;1;1;1;0;5;0;0;0
1943-03;10.3;0.5;7.2;1943-03-29;7;1;1;0;0;0;0;2;0;0;0
1943-04;21.4;0.8;6.7;1943-04-01;10;6;1;0;0;0;0;1;1;2;0
1943-05;53.2;;27.1;1943-05-08;9;4;3;2;1;0;0;0;0;0;0
1943-06;61.0;;16.7;1943-06-04;14;11;4;3;0;0;0;0;0;2;0
1943-07;26.1;;7.9;1943-07-13;9;6;2;0;0;0;0;0;3;6;0
1943-08;10.3;;3.1;1943-08-27;6;4;0;0;0;0;0;0;0;4;0
1943-09;28.0;;11.4;1943-09-06;9;5;2;1;0;0;0;0;0;2;0
1943-10;3.4;;1.6;1943-10-13;4;2;0;0;0;0;0;0;0;0;0
1943-11;100.8;6.4;34.9;1943-11-25;18;10;7;2;1;1;0;1;0;0;0
1943-12;60.7;40.2;16.4;1943-12-10;15;8;5;2;0;0;0;6;0;0;2
1944-01;22.4;7.8;11.6;1944-01-25;10;6;1;1;0;0;0;6;0;0;0
1944-02;38.5;19.4;7.5;1944-02-11;11;10;3;0;0;0;0;15;0;0;0
1944-03;117.5;80.0;33.0;1944-03-05;19;18;6;4;1;1;0;18;0;0;0
1944-04;34.5;;17.2;1944-04-21;9;4;3;1;0;0;0;0;0;0;0
1944-05;76.0;;16.8;1944-05-21;16;10;5;3;0;0;0;0;2;12;0
1944-06;74.9;;19.2;1944-06-20;12;9;5;3;0;0;0;0;0;9;0
1944-07;44.1;;14.4;1944-07-04;11;7;4;1;0;0;0;0;0;8;0
1944-08;40.3;;19.6;1944-08-17;4;3;3;2;0;0;0;0;0;5;0
1944-09;30.1;;10.3;1944-09-22;6;5;4;1;0;0;0;0;0;2;0
1944-10;104.9;15.1;21.5;1944-10-27;13;9;6;5;1;0;0;1;0;0;0
1944-11;103.1;18.1;16.8;1944-11-23;18;14;9;3;0;0;0;3;0;0;0
1944-12;35.0;11.1;7.7;1944-12-10;15;8;3;0;0;0;0;8;0;0;0
1945-01;97.9;81.6;25.0;1945-01-09;14;11;7;3;1;0;0;18;0;0;0
1945-02;15.3;11.0;7.0;1945-02-08;7;6;1;0;0;0;0;6;0;0;0
1945-03;14.8;9.1;4.0;1945-03-27;9;5;0;0;0;0;0;7;0;0;0
1945-04;43.1;;21.6;1945-04-28;9;6;2;1;1;0;0;0;2;3;0
1945-05;48.3;;15.3;1945-05-26;13;8;4;2;0;0;0;0;1;4;0
1945-06;47.4;;24.3;1945-06-22;8;6;4;1;1;0;0;0;0;3;0
1945-07;24.6;;8.8;1945-07-02;9;6;1;0;0;0;0;0;0;10;0
1945-08;57.9;;28.2;1945-08-13;10;7;3;2;1;0;0;0;1;6;0
1945-09;48.7;;19.6;1945-09-24;9;5;4;2;0;0;0;0;0;1;0
1945-10;31.9;;11.9;1945-10-27;8;6;2;1;0;0;0;0;0;0;0
1945-11;105.6;14.5;38.7;1945-11-14;19;11;5;3;1;1;0;6;0;0;0
1945-12;49.2;40.3;12.0;1945-12-04;15;8;4;1;0;0;0;11;0;0;0
1946-01;12.2;8.0;3.0;1946-01-10;8;4;0;0;0;0;0;11;0;0;1
1946-02;59.1;18.8;15.2;1946-02-07;14;8;4;3;0;0;0;11;0;0;0
1946-03;30.1;6.1;10.7;1946-03-02;12;6;2;1;0;0;0;4;0;0;0
1946-04;2.7;;1.1;1946-04-10;5;1;0;0;0;0;0;0;0;2;0
1946-05;110.0;;29.3;1946-05-17;16;12;8;3;2;0;0;0;3;15;0
1946-06;84.3;;17.2;1946-06-23;14;11;7;3;0;0;0;0;0;8;0
1946-07;24.9;;6.6;1946-07-21;10;5;2;0;0;0;0;0;1;9;0
1946-08;51.6;;29.9;1946-08-23;10;5;3;1;1;0;0;0;0;5;0
1946-09;0.2;;0.2;1946-09-19;1;0;0;0;0;0;0;0;0;0;0
1946-10;43.5;13.0;10.0;1946-10-27;11;9;3;1;0;0;0;2;0;0;0
1946-11;79.7;;14.5;1946-11-17;19;12;6;2;0;0;0;0;0;0;0
1946-12;57.0;1.3;20.2;1946-12-06;11;7;4;2;1;0;0;6;0;0;0
1947-01;34.6;34.4;11.4;1947-01-13;14;8;2;2;0;0;0;19;0;0;0
1947-02;115.7;96.5;26.4;1947-02-08;22;18;6;3;2;0;0;17;0;0;0
1947-03;35.5;18.3;11.6;1947-03-11;13;6;3;1;0;0;0;7;0;2;0
1947-04;46.0;;17.6;1947-04-04;10;6;2;2;0;0;0;0;0;2;0
1947-05;27.0;;10.7;1947-05-26;9;5;2;1;0;0;0;0;0;7;0
1947-06;31.8;;6.1;1947-06-13;14;8;2;0;0;0;0;0;1;13;0
1947-07;17.5;;5.7;1947-07-09;7;5;2;0;0;0;0;0;0;6;0
1947-08;3.8;;1.9;1947-08-06;5;2;0;0;0;0;0;0;0;2;0
1947-09;1.9;;1.1;1947-09-04;4;1;0;0;0;0;0;0;0;0;0
1947-10;6.7;;1.9;1947-10-26;6;3;0;0;0;0;0;0;0;0;0
1947-11;56.4;4.0;10.0;1947-11-30;18;12;3;1;0;0;0;5;0;0;0
1947-12;61.4;27.3;14.8;1947-12-22;16;10;6;1;0;0;0;10;0;0;0
1948-01;69.7;8.1;10.7;1948-01-21;23;17;6;1;0;0;0;2;0;0;1
1948-02;51.2;43.1;18.3;1948-02-22;14;9;2;2;0;0;0;12;0;0;0
1948-03;11.9;;6.9;1948-03-16;4;2;1;0;0;0;0;0;0;0;0
1948-04;60.1;;16.5;1948-04-06;9;7;5;3;0;0;0;0;0;0;0
1948-05;17.9;;7.7;1948-05-11;14;5;1;0;0;0;0;0;0;6;0
1948-06;104.9;;16.8;1948-06-11;17;13;9;5;0;0;0;0;0;4;0
1948-07;98.1;;23.4;1948-07-15;12;9;6;4;1;0;0;0;0;6;0
1948-08;16.0;;6.5;1948-08-12;8;6;1;0;0;0;0;0;0;2;0
1948-09;15.0;;5.2;1948-09-07;7;5;1;0;0;0;0;0;0;2;0
1948-10;40.0;;12.6;1948-10-08;9;6;4;2;0;0;0;0;0;0;0
1948-11;15.0;2.5;10.4;1948-11-14;10;2;1;1;0;0;0;6;0;0;0
1948-12;32.4;6.1;16.9;1948-12-12;6;5;1;1;0;0;0;11;0;0;0
1949-01;16.7;11.9;8.2;1949-01-16;11;5;1;0;0;0;0;8;0;0;0
1949-02;0.5;0.0;0.5;1949-02-09;1;0;0;0;0;0;0;5;0;0;0
1949-03;16.2;11.2;9.8;1949-03-15;7;2;1;0;0;0;0;10;0;0;0
1949-04;21.4;0.8;8.0;1949-04-27;9;3;2;0;0;0;0;2;0;3;0
1949-05;84.8;;17.3;1949-05-13;16;9;5;4;0;0;0;0;1;10;0
1949-06;41.9;;9.3;1949-06-23;12;9;5;0;0;0;0;0;0;4;0
1949-07;61.0;;19.2;1949-07-02;13;8;4;3;0;0;0;0;0;5;0
1949-08;34.9;;16.2;1949-08-14;8;4;3;1;0;0;0;0;1;2;0
1949-09;31.5;;18.2;1949-09-19;7;3;3;1;0;0;0;0;0;4;0
1949-10;35.2;;11.5;1949-10-01;5;5;4;2;0;0;0;0;0;0;0
1949-11;160.7;;35.5;1949-11-16;23;21;10;4;2;1;0;0;0;1;0
1949-12;52.4;7.4;9.9;1949-12-10;15;10;5;0;0;0;0;5;0;0;0
1950-01;67.1;67.0;27.7;1950-01-18;11;10;2;2;1;0;0;12;0;0;0
1950-02;36.0;7.5;8.8;1950-02-11;10;7;4;0;0;0;0;7;0;0;0
1950-03;4.5;1.1;3.4;1950-03-02;3;2;0;0;0;0;0;2;0;0;0
1950-04;96.2;;24.3;1950-04-16;16;12;6;4;1;0;0;0;1;6;0
1950-05;28.1;;11.6;1950-05-06;8;5;3;1;0;0;0;0;0;3;0
1950-06;19.4;;9.8;1950-06-16;8;4;1;0;0;0;0;0;0;5;0
1950-07;25.8;;16.5;1950-07-15;8;3;1;1;0;0;0;0;0;3;0
1950-08;21.0;;7.2;1950-08-03;6;4;3;0;0;0;0;0;1;5;0
1950-09;33.2;;10.4;1950-09-16;10;6;3;1;0;0;0;0;0;0;0
1950-10;119.3;0.0;33.8;1950-10-25;12;8;5;4;3;2;0;1;0;0;0
1950-11;93.8;;16.6;1950-11-14;20;15;7;3;0;0;0;0;0;0;0
1950-12;75.2;22.3;13.7;1950-12-18;20;15;7;1;0;0;0;10;0;0;0
1951-01;23.5;12.3;7.5;1951-01-18;13;6;1;0;0;0;0;10;0;0;0
1951-02;44.2;9.5;10.2;1951-02-26;12;6;4;2;0;0;0;6;0;0;0
1951-03;86.3;48.4;30.7;1951-03-25;17;14;6;1;1;1;0;10;1;0;0
1951-04;34.3;;9.9;1951-04-21;9;7;3;0;0;0;0;0;1;4;0
1951-05;64.6;;22.5;1951-05-16;13;7;4;3;1;0;0;0;0;7;0
1951-06;98.9;;30.3;1951-06-08;13;11;6;3;2;1;0;0;0;6;0
1951-07;62.9;;19.8;1951-07-16;8;6;4;3;0;0;0;0;2;4;0
1951-08;64.7;;21.3;1951-08-05;9;7;4;3;1;0;0;0;1;6;0
1951-09;81.5;;18.6;1951-09-27;11;9;5;4;0;0;0;0;0;3;0
1951-10;3.8;;2.1;1951-10-22;5;1;0;0;0;0;0;0;0;0;0
1951-11;37.4;;9.1;1951-11-13;14;9;2;0;0;0;0;0;0;1;0
1951-12;44.9;2.8;17.2;1951-12-28;12;7;3;2;0;0;0;7;0;0;0
1952-01;57.9;52.1;12.5;1952-01-03;14;10;5;2;0;0;0;14;0;0;0
1952-02;53.6;48.3;18.9;1952-02-01;15;7;5;1;0;0;0;19;0;0;0
1952-03;39.7;14.6;15.7;1952-03-26;10;7;2;1;0;0;0;9;0;0;0
1952-04;14.5;4.2;8.5;1952-04-05;5;2;1;0;0;0;0;1;0;5;0
1952-05;102.8;;42.5;1952-05-12;17;9;6;2;2;1;0;0;1;6;0
1952-06;68.0;;44.8;1952-06-14;7;5;3;1;1;1;0;0;0;4;0
1952-07;7.9;;2.7;1952-07-15;5;3;0;0;0;0;0;0;0;3;0
1952-08;38.9;;13.2;1952-08-31;13;8;2;1;0;0;0;0;0;7;0
1952-09;70.0;;22.9;1952-09-06;15;8;5;3;1;0;0;0;0;5;0
1952-10;99.2;;29.4;1952-10-11;12;10;6;5;1;0;0;0;0;2;0
1952-11;125.7;68.0;30.6;1952-11-08;20;14;7;5;2;1;0;10;0;0;0
1952-12;109.2;42.4;19.9;1952-12-13;19;15;9;4;0;0;0;14;0;0;0
1953-01;67.3;50.8;21.8;1953-01-07;10;7;4;3;1;0;0;15;0;0;0
1953-02;11.0;10.9;7.6;1953-02-11;8;3;1;0;0;0;0;14;0;0;0
1953-03;7.3;3.0;4.3;1953-03-04;2;2;0;0;0;0;0;2;0;0;0
1953-04;55.3;;33.7;1953-04-29;10;7;2;1;1;1;0;0;1;1;0
1953-05;72.3;12.9;12.9;1953-05-10;14;12;4;4;0;0;0;1;0;6;0
1953-06;132.8;;26.0;1953-06-10;15;13;8;6;2;0;0;0;1;11;0
1953-07;48.7;;22.2;1953-07-02;11;6;3;1;1;0;0;0;0;11;0
1953-08;42.1;;14.2;1953-08-22;5;4;4;2;0;0;0;0;0;1;0
1953-09;12.2;;5.8;1953-09-10;6;4;1;0;0;0;0;0;0;2;0
1953-10;50.4;;37.5;1953-10-20;6;2;2;2;1;1;0;0;0;1;0
1953-11;23.8;0.0;7.2;1953-11-06;6;6;2;0;0;0;0;1;0;0;0
1953-12;4.8;4.1;2.0;1953-12-30;5;2;0;0;0;0;0;9;0;0;0
1954-01;50.2;50.2;22.6;1954-01-14;13;11;2;1;1;0;0;22;0;0;0
1954-02;20.1;20.1;6.7;1954-02-07;6;4;2;0;0;0;0;14;0;0;0
1954-03;36.3;;8.7;1954-03-03;16;11;1;0;0;0;0;0;0;1;0
1954-04;58.1;0.6;18.0;1954-04-30;13;7;4;2;0;0;0;4;0;1;0
1954-05;53.8;;22.3;1954-05-17;17;8;3;1;1;0;0;0;1;7;0
1954-06;129.1;;78.0;1954-06-01;14;11;5;1;1;1;1;0;1;9;0
1954-07;67.3;;25.8;1954-07-01;15;11;3;2;1;0;0;0;0;8;0
1954-08;19.1;;10.6;1954-08-16;7;5;1;1;0;0;0;0;0;3;0
1954-09;55.7;0.1;21.9;1954-09-29;10;6;3;3;1;0;0;1;0;1;0
1954-10;14.9;;7.0;1954-10-06;6;3;2;0;0;0;0;0;0;0;0
1954-11;43.1;3.5;20.8;1954-11-10;8;4;3;2;1;0;0;7;0;0;0
1954-12;95.1;31.6;21.5;1954-12-27;16;11;5;5;2;0;0;9;0;0;1
1955-01;57.9;36.5;13.4;1955-01-18;16;13;4;1;0;0;0;11;1;1;0
1955-02;50.9;43.7;13.6;1955-02-17;16;12;4;1;0;0;0;14;1;1;0
1955-03;17.7;11.4;5.2;1955-03-21;10;4;1;0;0;0;0;11;0;1;0
1955-04;58.3;1.1;17.1;1955-04-16;16;7;3;3;0;0;0;4;0;1;0
1955-05;7.4;;2.1;1955-05-26;10;4;0;0;0;0;0;0;0;2;0
1955-06;81.6;;34.0;1955-06-27;9;6;4;2;2;2;0;0;1;5;0
1955-07;75.8;;36.7;1955-07-09;11;10;4;1;1;1;0;0;1;11;0
1955-08;263.1;;71.0;1955-08-14;16;12;10;8;4;4;1;0;0;12;0
1955-09;63.8;;37.1;1955-09-13;4;2;2;2;2;1;0;0;0;2;0
1955-10;126.8;;39.7;1955-10-07;13;12;6;5;2;2;0;0;0;0;0
1955-11;42.4;11.1;15.2;1955-11-14;11;6;3;2;0;0;0;6;0;0;0
1955-12;53.1;13.4;18.3;1955-12-15;17;10;3;1;0;0;0;6;0;0;0
1956-01;26.1;11.7;10.9;1956-01-18;10;5;2;1;0;0;0;11;0;0;0
1956-02;54.2;54.2;25.3;1956-02-18;16;10;2;1;1;0;0;18;0;0;0
1956-03;36.2;19.5;11.2;1956-03-02;12;5;4;2;0;0;0;14;0;0;0
1956-04;42.7;0.3;8.9;1956-04-22;13;8;4;0;0;0;0;2;1;4;0
1956-05;89.0;;24.2;1956-05-25;15;12;5;3;1;0;0;0;0;6;0
1956-06;78.3;;16.8;1956-06-21;15;9;7;3;0;0;0;0;2;13;0
1956-07;33.9;;14.0;1956-07-11;8;5;3;1;0;0;0;0;1;7;0
1956-08;52.7;;31.4;1956-08-23;9;9;2;1;1;1;0;0;1;5;0
1956-09;3.5;;1.9;1956-09-27;3;1;0;0;0;0;0;0;0;0;0
1956-10;36.4;10.0;13.4;1956-10-05;7;6;3;2;0;0;0;1;0;0;0
1956-11;87.9;31.0;23.3;1956-11-15;14;11;5;4;1;0;0;7;0;0;1
1956-12;26.5;24.0;10.2;1956-12-23;17;6;1;1;0;0;0;12;0;0;0
1957-01;16.7;14.5;7.2;1957-01-15;12;4;1;0;0;0;0;15;0;0;2
1957-02;80.7;21.9;18.8;1957-02-14;18;11;6;2;0;0;0;4;0;1;0
1957-03;24.8;0.3;8.6;1957-03-30;7;5;2;0;0;0;0;2;0;0;0
1957-04;47.9;;12.8;1957-04-21;12;7;4;2;0;0;0;0;0;1;0
1957-05;81.3;9.7;12.3;1957-05-20;17;12;7;2;0;0;0;1;1;8;0
1957-06;74.5;;40.5;1957-06-21;9;5;3;2;1;1;0;0;1;8;0
1957-07;95.2;;35.5;1957-07-11;16;10;4;3;2;1;0;0;1;8;0
1957-08;22.4;;15.0;1957-08-28;8;4;1;1;0;0;0;0;0;3;0
1957-09;34.6;;15.3;1957-09-04;10;6;3;1;0;0;0;0;0;2;0
1957-10;35.9;;28.6;1957-10-22;4;3;2;1;1;0;0;0;0;0;0
1957-11;29.7;0.0;20.7;1957-11-11;9;3;1;1;1;0;0;2;0;0;0
1957-12;22.3;11.5;7.8;1957-12-13;8;5;2;0;0;0;0;10;0;1;0
1958-01;41.3;17.5;10.3;1958-01-13;11;8;3;1;0;0;0;10;0;0;0
1958-02;32.2;15.0;10.4;1958-02-16;13;8;1;1;0;0;0;12;0;0;0
1958-03;48.5;33.7;11.9;1958-03-30;11;9;4;1;0;0;0;14;0;1;0
1958-04;19.7;0.3;8.8;1958-04-16;9;5;1;0;0;0;0;1;0;1;0
1958-05;23.5;;8.5;1958-05-23;7;4;2;0;0;0;0;0;0;9;0
1958-06;136.7;;33.5;1958-06-12;12;11;9;5;2;1;0;0;0;2;0
1958-07;60.2;;27.3;1958-07-03;7;4;3;2;2;0;0;0;0;6;0
1958-08;24.0;;5.9;1958-08-08;11;9;1;0;0;0;0;0;0;6;0
1958-09;13.8;;11.7;1958-09-22;4;2;1;1;0;0;0;0;0;0;0
1958-10;48.5;;8.7;1958-10-01;13;9;6;0;0;0;0;0;1;2;0
1958-11;51.0;1.6;19.1;1958-11-01;13;8;3;3;0;0;0;2;0;0;0
1958-12;56.8;4.5;13.7;1958-12-11;13;11;4;2;0;0;0;5;0;0;1
1959-01;46.9;26.6;16.2;1959-01-09;8;5;3;2;0;0;0;10;0;0;0
1959-02;2.7;2.7;2.1;1959-02-21;3;1;0;0;0;0;0;9;0;0;0
1959-03;13.1;7.5;6.4;1959-03-12;8;3;1;0;0;0;0;2;0;0;0
1959-04;34.7;6.4;7.7;1959-04-07;11;6;4;0;0;0;0;1;1;3;0
1959-05;81.9;;27.1;1959-05-01;11;9;4;2;2;0;0;0;0;7;0
1959-06;79.9;;20.2;1959-06-11;12;9;6;4;1;0;0;0;0;7;0
1959-07;123.5;;37.6;1959-07-15;13;8;7;4;3;2;0;0;1;10;0
1959-08;4.1;;1.8;1959-08-12;4;1;0;0;0;0;0;0;0;4;0
1959-09;24.3;;16.7;1959-09-26;4;2;2;1;0;0;0;0;0;0;0
1959-10;3.2;;2.8;1959-10-29;2;1;0;0;0;0;0;0;0;0;0
1959-11;31.5;;14.8;1959-11-06;9;7;1;1;0;0;0;0;0;0;0
1959-12;90.2;35.4;15.0;1959-12-04;21;15;8;2;0;0;0;9;0;0;0
1960-01;25.4;20.2;12.6;1960-01-12;10;7;1;1;0;0;0;11;0;0;0
1960-02;29.9;17.1;12.5;1960-02-17;9;6;2;1;0;0;0;3;0;0;0
1960-03;25.0;8.2;11.2;1960-03-28;11;5;2;1;0;0;0;5;0;1;0
1960-04;29.4;0.2;7.3;1960-04-12;13;7;2;0;0;0;0;2;0;1;0
1960-05;33.2;;9.7;1960-05-17;12;7;3;0;0;0;0;0;1;4;0
1960-06;58.5;;14.9;1960-06-04;13;8;4;3;0;0;0;0;0;11;0
1960-07;87.5;;36.5;1960-07-25;10;7;4;3;2;1;0;0;0;5;0
1960-08;28.9;;9.5;1960-08-30;12;8;1;0;0;0;0;0;0;8;0
1960-09;31.4;;10.8;1960-09-05;8;6;2;2;0;0;0;0;0;0;0
1960-10;79.0;;18.9;1960-10-11;14;12;7;2;0;0;0;0;0;2;0
1960-11;97.4;;25.1;1960-11-14;14;10;5;4;2;0;0;0;0;0;0
1960-12;40.0;6.5;12.3;1960-12-13;10;8;3;1;0;0;0;4;0;1;0
1961-01;31.5;23.4;10.2;1961-01-02;10;6;3;1;0;0;0;7;0;0;1
1961-02;32.1;8.6;16.9;1961-02-01;7;4;3;1;0;0;0;4;0;0;0
1961-03;2.4;;0.7;1961-03-31;5;0;0;0;0;0;0;0;0;0;0
1961-04;33.1;;9.7;1961-04-30;10;7;3;0;0;0;0;0;0;4;0
1961-05;48.9;;14.3;1961-05-29;12;8;4;1;0;0;0;0;0;7;0
1961-06;49.3;;18.4;1961-06-05;10;8;3;2;0;0;0;0;0;10;0
1961-07;40.3;;14.2;1961-07-29;10;8;2;1;0;0;0;0;0;4;0
1961-08;5.3;;2.4;1961-08-16;5;2;0;0;0;0;0;0;0;0;0
1961-09;0.6;;0.6;1961-09-07;1;0;0;0;0;0;0;0;0;0;0
1961-10;20.2;;13.0;1961-10-30;6;4;1;1;0;0;0;0;0;0;0
1961-11;97.2;;27.3;1961-11-04;13;7;6;4;2;0;0;0;0;0;0
1961-12;40.0;2.3;12.5;1961-12-06;11;7;4;1;0;0;0;5;0;0;1
1962-01;30.7;3.5;10.8;1962-01-13;11;7;1;1;0;0;0;4;0;0;1
1962-02;27.8;9.8;11.7;1962-02-13;11;7;1;1;0;0;0;7;0;2;0
1962-03;58.7;25.9;10.8;1962-03-01;18;14;5;1;0;0;0;8;0;0;0
1962-04;36.3;;16.0;1962-04-05;11;6;2;1;0;0;0;0;0;6;0
1962-05;44.7;;8.8;1962-05-28;15;10;4;0;0;0;0;0;0;3;0
1962-06;26.0;;9.8;1962-06-11;9;6;2;0;0;0;0;0;0;4;0
1962-07;45.5;;23.0;1962-07-22;11;6;2;1;1;0;0;0;0;4;0
1962-08;0.3;;0.3;1962-08-17;1;0;0;0;0;0;0;0;0;2;0
1962-09;27.1;;14.2;1962-09-18;8;3;2;1;0;0;0;0;4;2;0
1962-10;21.9;;14.4;1962-10-31;4;3;2;1;0;0;0;0;0;0;0
1962-11;172.8;88.3;41.9;1962-11-24;16;14;11;7;2;1;0;4;0;0;0
1962-12;40.7;24.6;12.1;1962-12-15;11;8;3;2;0;0;0;11;0;0;1
1963-01;76.5;37.8;11.1;1963-01-06;21;12;7;1;0;0;0;14;1;0;5
1963-02;74.3;72.9;21.3;1963-02-19;13;6;5;3;1;0;0;10;0;0;2
1963-03;42.3;;14.7;1963-03-10;12;7;4;1;0;0;0;0;1;2;0
1963-04;34.3;;17.0;1963-04-24;6;5;2;1;0;0;0;0;1;5;0
1963-05;86.8;;23.8;1963-05-17;14;10;5;3;1;0;0;0;3;13;0
1963-06;59.8;;16.9;1963-06-06;12;9;5;2;0;0;0;0;2;11;0
1963-07;22.4;;20.6;1963-07-28;5;2;1;1;1;0;0;0;0;6;0
1963-08;94.7;;31.0;1963-08-08;16;14;8;1;1;1;0;0;0;4;0
1963-09;73.8;;60.9;1963-09-08;8;3;2;1;1;1;1;0;0;4;0
1963-10;25.4;;15.3;1963-10-04;8;6;1;1;0;0;0;0;0;0;0
1963-11;18.4;;5.9;1963-11-12;11;8;1;0;0;0;0;0;0;0;0
1963-12;49.0;39.4;17.6;1963-12-04;12;6;4;2;0;0;0;9;0;0;3
1964-01;2.1;1.8;0.8;1964-01-08;6;0;0;0;0;0;0;8;0;0;6
1964-02;37.0;0.0;22.5;1964-02-17;12;5;1;1;1;0;0;2;0;2;0
1964-03;53.9;36.3;12.5;1964-03-07;14;11;4;3;0;0;0;7;0;0;0
1964-04;25.0;;11.8;1964-04-30;9;5;1;1;0;0;0;0;0;2;0
1964-05;29.2;;13.4;1964-05-21;10;6;1;1;0;0;0;0;0;6;0
1964-06;124.9;;35.9;1964-06-22;9;8;6;4;3;2;0;0;2;13;0
1964-07;46.1;;26.8;1964-07-04;8;5;3;1;1;0;0;0;0;10;0
1964-08;47.6;;35.0;1964-08-22;10;6;1;1;1;1;0;0;0;3;0
1964-09;44.5;;17.1;1964-09-21;7;6;3;2;0;0;0;0;0;0;0
1964-10;113.3;;27.6;1964-10-12;17;14;7;5;2;0;0;0;0;0;0
1964-11;21.4;;9.3;1964-11-02;9;7;1;0;0;0;0;0;0;0;0
1964-12;76.4;26.9;19.3;1964-12-19;14;10;5;3;0;0;0;7;0;0;3
1965-01;40.1;2.5;8.1;1965-01-03;17;9;4;0;0;0;0;4;0;0;0
1965-02;8.2;1.6;2.3;1965-02-07;7;3;0;0;0;0;0;4;0;0;0
1965-03;34.2;20.6;11.5;1965-03-02;11;6;3;1;0;0;0;4;0;0;0
1965-04;59.6;;14.6;1965-04-29;15;12;5;1;0;0;0;0;0;0;0
1965-05;83.2;;20.4;1965-05-23;15;11;6;3;1;0;0;0;0;4;0
1965-06;141.2;;25.5;1965-06-04;15;13;9;7;1;0;0;0;2;12;0
1965-07;77.5;;17.8;1965-07-22;16;11;8;2;0;0;0;0;0;10;0
1965-08;70.1;;26.9;1965-08-01;11;6;3;3;1;0;0;0;0;6;0
1965-09;73.8;;28.3;1965-09-19;11;8;4;3;1;0;0;0;0;0;0
1965-10;1.6;;1.4;1965-10-09;2;1;0;0;0;0;0;0;0;0;0
1965-11;158.8;35.3;35.9;1965-11-10;20;16;10;4;2;2;0;6;0;2;1
1965-12;67.6;22.8;10.8;1965-12-13;17;13;5;1;0;0;0;8;0;0;1
1966-01;45.5;40.2;16.1;1966-01-18;14;9;2;1;0;0;0;15;0;0;0
1966-02;48.9;;32.3;1966-02-23;12;7;2;1;1;1;0;0;1;2;0
1966-03;38.8;2.4;12.2;1966-03-19;10;7;3;2;0;0;0;1;3;2;0
1966-04;46.8;;12.9;1966-04-10;14;11;3;1;0;0;0;0;1;7;0
1966-05;50.4;;14.5;1966-05-29;11;6;4;2;0;0;0;0;4;0;0
1966-06;72.6;;16.0;1966-06-19;16;13;6;2;0;0;0;0;0;10;0
1966-07;92.0;;24.3;1966-07-28;13;10;7;3;1;0;0;0;0;6;0
1966-08;102.1;;29.1;1966-08-19;11;9;6;5;1;0;0;0;1;6;0
1966-09;16.7;;5.1;1966-09-10;6;4;1;0;0;0;0;0;0;4;0
1966-10;62.3;;34.5;1966-10-29;10;8;2;1;1;1;0;0;0;2;0
1966-11;100.6;10.6;17.0;1966-11-23;17;13;8;4;0;0;0;3;0;0;0
1966-12;66.9;6.3;29.6;1966-12-20;16;10;5;1;1;0;0;4;0;0;0
1967-01;49.3;42.6;17.1;1967-01-24;11;9;3;2;0;0;0;8;0;0;0
1967-02;30.2;9.1;8.9;1967-02-20;11;7;3;0;0;0;0;2;0;2;0
1967-03;22.0;;4.6;1967-03-13;14;6;0;0;0;0;0;0;2;0;0
1967-04;65.0;;32.4;1967-04-22;12;5;2;2;1;1;0;0;4;0;0
1967-05;42.8;;16.9;1967-05-31;12;7;3;2;0;0;0;0;0;4;0
1967-06;70.4;;42.2;1967-06-09;13;9;3;1;1;1;0;0;0;7;0
1967-07;66.2;;38.0;1967-07-16;8;8;3;1;1;1;0;0;0;11;0
1967-08;13.7;;4.0;1967-08-06;5;4;0;0;0;0;0;0;0;3;0
1967-09;69.8;;21.9;1967-09-15;8;8;5;3;1;0;0;0;0;5;0
1967-10;21.5;;12.0;1967-10-03;7;5;1;1;0;0;0;0;0;0;0
1967-11;13.9;6.2;5.8;1967-11-28;8;5;1;0;0;0;0;2;0;0;0
1967-12;40.2;11.8;13.6;1967-12-25;15;8;3;1;0;0;0;6;0;0;0
1968-01;37.4;15.3;10.8;1968-01-14;13;9;2;1;0;0;0;4;0;0;2
1968-02;13.9;0.1;5.4;1968-02-24;8;4;1;0;0;0;0;2;0;0;0
1968-03;33.6;16.6;11.7;1968-03-03;9;6;2;1;0;0;0;3;0;0;0
1968-04;49.1;43.7;28.9;1968-04-08;8;4;2;2;1;0;0;2;0;2;0
1968-05;40.2;;16.5;1968-05-31;9;7;3;1;0;0;0;0;0;2;0
1968-06;18.1;;6.7;1968-06-19;9;4;2;0;0;0;0;0;0;7;0
1968-07;38.8;;27.7;1968-07-18;7;4;1;1;1;0;0;0;1;6;0
1968-08;69.0;;20.5;1968-08-08;14;10;6;2;1;0;0;0;0;13;0
1968-09;74.9;;25.0;1968-09-05;11;8;5;2;1;0;0;0;1;8;0
1968-10;5.1;;3.3;1968-10-09;4;2;0;0;0;0;0;0;0;0;0
1968-11;82.7;13.6;22.0;1968-11-16;14;10;5;3;1;0;0;3;0;0;0
1968-12;35.1;3.0;18.1;1968-12-18;11;7;2;1;0;0;0;6;0;0;2
1969-01;21.1;1.0;12.3;1969-01-19;9;4;1;1;0;0;0;6;0;0;5
1969-02;136.0;73.0;19.7;1969-02-20;22;19;9;6;0;0;0;11;0;0;0
1969-03;40.2;0.7;9.9;1969-03-15;13;8;3;0;0;0;0;2;0;0;0
1969-04;16.5;;10.7;1969-04-01;9;2;1;1;0;0;0;0;4;0;0
1969-05;55.9;;28.3;1969-05-07;6;4;2;2;2;0;0;0;0;4;0
1969-06;96.7;;19.3;1969-06-07;11;10;8;4;0;0;0;0;0;8;0
1969-07;46.7;;22.6;1969-07-08;6;4;4;2;1;0;0;0;0;4;0
1969-08;57.6;;20.7;1969-08-16;14;11;4;1;1;0;0;0;0;4;0
1969-09;31.5;;20.1;1969-09-03;7;3;2;1;1;0;0;0;0;0;0
1969-10;10.4;;4.8;1969-10-25;3;3;0;0;0;0;0;0;0;0;0
1969-11;66.4;12.4;19.5;1969-11-08;12;10;4;4;0;0;0;2;0;0;0
1969-12;103.8;98.8;22.9;1969-12-18;17;13;7;4;1;0;0;15;0;0;1
1970-01;44.5;27.9;17.1;1970-01-16;18;10;2;1;0;0;0;11;0;0;2
1970-02;71.1;66.3;13.0;1970-02-22;18;11;7;2;0;0;0;16;0;1;0
1970-03;57.8;32.8;14.9;1970-03-27;13;10;5;1;0;0;0;7;0;0;0
1970-04;83.3;;26.1;1970-04-01;15;9;8;3;1;0;0;0;8;3;0
1970-05;20.6;;9.2;1970-05-02;11;3;2;0;0;0;0;0;0;2;0
1970-06;115.4;;40.3;1970-06-16;13;10;5;3;3;1;0;0;3;8;0
1970-07;52.1;;22.1;1970-07-25;7;7;3;2;1;0;0;0;0;2;0
1970-08;75.7;;33.4;1970-08-09;14;7;5;2;1;1;0;0;0;10;0
1970-09;17.1;;8.3;1970-09-13;6;3;1;0;0;0;0;0;0;4;0
1970-10;13.2;;3.3;1970-10-14;9;4;0;0;0;0;0;0;0;0;0
1970-11;42.9;;14.6;1970-11-21;12;6;3;2;0;0;0;0;0;1;0
1970-12;71.0;52.5;14.5;1970-12-25;13;10;7;2;0;0;0;13;2;1;2
1971-01;48.8;37.4;10.0;1971-01-02;14;8;5;1;0;0;0;9;0;0;1
1971-02;24.0;9.1;8.4;1971-02-25;10;6;1;0;0;0;0;6;0;1;0
1971-03;24.4;6.1;6.4;1971-03-29;10;7;2;0;0;0;0;11;0;1;0
1971-04;21.4;;10.1;1971-04-24;9;6;1;1;0;0;0;0;1;2;0
1971-05;128.1;;32.3;1971-05-28;10;10;7;4;2;1;0;0;0;8;0
1971-06;38.5;;9.9;1971-06-26;13;10;2;0;0;0;0;0;1;10;0
1971-07;51.9;;24.3;1971-07-18;9;5;3;2;1;0;0;0;0;4;0
1971-08;27.7;;10.6;1971-08-05;6;4;3;1;0;0;0;0;0;5;0
1971-09;47.0;;23.4;1971-09-28;9;6;3;1;1;0;0;0;0;0;0
1971-10;3.3;;3.2;1971-10-15;2;1;0;0;0;0;0;0;0;0;0
1971-11;39.6;24.9;9.4;1971-11-23;13;8;4;0;0;0;0;4;0;0;0
1971-12;5.5;0.9;2.8;1971-12-21;8;1;0;0;0;0;0;2;0;0;1
1972-01;32.6;27.8;11.3;1972-01-04;13;8;1;1;0;0;0;12;0;0;0
1972-02;25.4;0.8;8.7;1972-02-14;14;5;2;0;0;0;0;2;0;0;0
1972-03;18.6;0.1;8.9;1972-03-09;7;3;2;0;0;0;0;2;0;2;0
1972-04;55.6;;10.8;1972-04-16;15;7;5;4;0;0;0;0;0;4;0
1972-05;124.5;;28.6;1972-05-19;21;13;8;5;2;0;0;0;6;12;0
1972-06;42.0;;9.4;1972-06-17;11;8;5;0;0;0;0;0;0;6;0
1972-07;101.3;;29.5;1972-07-26;16;11;6;3;2;0;0;0;1;11;0
1972-08;92.0;;37.3;1972-08-01;12;8;4;4;1;1;0;0;0;2;0
1972-09;56.2;;25.0;1972-09-20;9;5;4;2;1;0;0;0;0;4;0
1972-10;11.1;1.1;4.7;1972-10-08;6;4;0;0;0;0;0;1;0;0;0
1972-11;48.8;19.1;19.1;1972-11-20;11;7;3;2;0;0;0;1;0;0;0
1972-12;1.1;;0.6;1972-12-01;4;0;0;0;0;0;0;0;0;0;0
1973-01;26.4;25.1;10.6;1973-01-23;17;5;1;1;0;0;0;13;0;0;3
1973-02;41.5;12.7;15.2;1973-02-15;10;6;3;2;0;0;0;5;0;0;0
1973-03;3.7;2.6;1.1;1973-03-14;6;1;0;0;0;0;0;6;0;0;0
1973-04;63.1;22.4;22.4;1973-04-13;13;7;4;2;1;0;0;1;0;0;0
1973-05;0.8;;0.6;1973-05-28;2;0;0;0;0;0;0;0;0;1;0
1973-06;89.2;;24.5;1973-06-30;10;10;7;3;1;0;0;0;0;6;0
1973-07;44.3;;13.7;1973-07-06;14;10;3;1;0;0;0;0;0;8;0
1973-08;10.6;;5.6;1973-08-28;5;4;1;0;0;0;0;0;0;6;0
1973-09;10.8;;5.6;1973-09-19;4;3;1;0;0;0;0;0;0;2;0
1973-10;41.9;;27.9;1973-10-16;7;7;1;1;1;0;0;0;0;1;0
1973-11;35.5;14.2;12.0;1973-11-29;11;5;3;2;0;0;0;5;0;0;0
1973-12;29.9;10.1;7.6;1973-12-25;11;6;2;0;0;0;0;7;0;0;0
1974-01;43.6;34.4;10.4;1974-01-01;14;10;3;1;0;0;0;11;0;0;0
1974-02;49.6;1.5;20.3;1974-02-06;9;5;3;3;1;0;0;1;0;0;0
1974-03;6.4;1.8;2.4;1974-03-07;9;1;0;0;0;0;0;3;0;1;0
1974-04;20.2;;5.9;1974-04-26;8;4;2;0;0;0;0;0;0;2;0
1974-05;64.5;;17.8;1974-05-01;17;11;5;1;0;0;0;0;0;3;0
1974-06;37.7;;13.1;1974-06-28;14;6;2;1;0;0;0;0;0;5;0
1974-07;26.3;;11.1;1974-07-06;8;4;3;1;0;0;0;0;0;1;0
1974-08;113.9;;42.6;1974-08-27;11;9;6;3;2;1;0;0;1;9;0
1974-09;60.0;;11.0;1974-09-25;12;10;6;2;0;0;0;0;0;3;0
1974-10;154.4;;28.2;1974-10-20;21;14;10;8;2;0;0;0;0;0;0
1974-11;39.4;6.9;15.4;1974-11-25;12;7;3;1;0;0;0;1;0;0;0
1974-12;43.0;6.6;10.9;1974-12-11;13;10;2;1;0;0;0;3;0;1;1
1975-01;8.1;6.6;2.9;1975-01-29;7;4;0;0;0;0;0;4;0;0;0
1975-02;6.7;6.7;6.2;1975-02-02;4;1;1;0;0;0;0;4;0;0;0
1975-03;30.9;3.5;5.2;1975-03-15;15;8;1;0;0;0;0;2;0;2;0
1975-04;50.6;39.0;28.1;1975-04-10;12;8;2;2;1;0;0;2;0;1;0
1975-05;60.5;;21.6;1975-05-22;14;11;3;1;1;0;0;0;0;9;0
1975-06;57.4;;17.0;1975-06-19;13;11;2;1;0;0;0;0;3;7;0
1975-07;105.5;;25.0;1975-07-01;11;11;7;6;1;0;0;0;0;10;0
1975-08;75.1;;51.4;1975-08-29;15;9;2;1;1;1;1;0;0;11;0
1975-09;13.7;;8.5;1975-09-12;6;3;1;0;0;0;0;0;0;4;0
1975-10;53.1;;16.4;1975-10-14;9;8;4;1;0;0;0;0;0;3;0
1975-11;21.7;2.0;7.9;1975-11-20;10;6;1;0;0;0;0;3;0;0;0
1975-12;36.1;11.5;24.0;1975-12-17;8;3;2;1;1;0;0;6;0;0;0
1976-01;67.6;22.7;20.2;1976-01-11;20;13;5;1;1;0;0;14;0;0;0
1976-02;4.4;3.9;2.7;1976-02-11;5;1;0;0;0;0;0;6;0;0;1
1976-03;23.8;9.9;7.7;1976-03-24;9;6;2;0;0;0;0;2;0;0;0
1976-04;72.3;;28.5;1976-04-23;12;10;2;2;2;0;0;0;0;5;0
1976-05;27.6;;6.7;1976-05-22;12;8;3;0;0;0;0;0;0;3;0
1976-06;28.6;;10.6;1976-06-03;7;5;2;1;0;0;0;0;0;2;0
1976-07;29.6;;10.6;1976-07-31;12;5;3;1;0;0;0;0;0;10;0
1976-08;31.6;;10.5;1976-08-31;13;7;2;1;0;0;0;0;0;8;0
1976-09;114.0;;30.4;1976-09-16;14;10;7;4;2;1;0;0;0;3;0
1976-10;89.7;;29.6;1976-10-16;10;7;5;3;2;0;0;0;0;2;0
1976-11;59.9;7.5;20.7;1976-11-13;14;8;3;2;1;0;0;2;0;0;0
1976-12;119.5;52.3;27.9;1976-12-07;13;11;7;5;1;0;0;14;0;0;0
1977-01;53.5;29.8;15.2;1977-01-29;17;9;3;2;0;0;0;12;0;0;3
1977-02;61.9;15.4;13.9;1977-02-10;12;9;5;1;0;0;0;4;4;2;0
1977-03;55.4;26.1;22.5;1977-03-13;9;5;3;2;1;0;0;2;0;0;0
1977-04;32.3;;7.1;1977-04-08;12;8;3;0;0;0;0;0;0;2;0
1977-05;45.1;;14.1;1977-05-15;11;10;3;1;0;0;0;0;0;6;0
1977-06;66.7;;21.8;1977-06-27;7;5;3;3;2;0;0;0;0;7;0
1977-07;40.1;;12.2;1977-07-08;13;9;2;2;0;0;0;0;1;5;0
1977-08;73.5;;24.4;1977-08-09;15;9;5;3;1;0;0;0;1;6;0
1977-09;25.5;;7.2;1977-09-20;7;6;1;0;0;0;0;0;0;0;0
1977-10;21.0;;10.4;1977-10-10;5;4;2;1;0;0;0;0;1;0;0
1977-11;49.9;27.5;24.5;1977-11-26;12;10;1;1;1;0;0;3;0;0;0
1977-12;26.5;3.7;11.9;1977-12-24;7;5;2;1;0;0;0;12;0;0;1
1978-01;35.6;20.1;13.0;1978-01-31;11;4;4;1;0;0;0;10;0;0;0
1978-02;35.9;31.8;6.7;1978-02-11;12;8;3;0;0;0;0;10;0;0;0
1978-03;33.0;12.3;12.3;1978-03-24;10;6;2;1;0;0;0;1;0;0;0
1978-04;42.5;;10.8;1978-04-15;18;8;4;1;0;0;0;0;3;2;0
1978-05;123.5;;29.6;1978-05-06;20;13;8;5;1;0;0;0;4;10;0
1978-06;64.9;;19.1;1978-06-28;12;10;4;3;0;0;0;0;0;11;0
1978-07;64.8;;15.4;1978-07-01;13;10;5;2;0;0;0;0;0;10;0
1978-08;73.1;;61.5;1978-08-04;8;4;2;1;1;1;1;0;0;2;0
1978-09;44.2;;37.5;1978-09-30;7;3;1;1;1;1;0;0;0;1;0
1978-10;30.1;;20.5;1978-10-01;5;4;2;1;1;0;0;0;0;3;0
1978-11;13.6;2.8;10.7;1978-11-27;4;2;1;1;0;0;0;4;0;0;3
1978-12;34.3;14.2;5.5;1978-12-16;19;11;1;0;0;0;0;9;0;0;0
1979-01;77.7;46.9;16.9;1979-01-24;15;10;5;4;0;0;0;14;0;0;2
1979-02;52.6;15.9;22.4;1979-02-12;12;9;3;1;1;0;0;9;0;0;0
1979-03;49.9;;14.2;1979-03-22;13;8;3;2;0;0;0;0;6;1;0
1979-04;40.6;;17.7;1979-04-28;8;3;3;2;0;0;0;0;6;0;0
1979-05;26.1;;14.7;1979-05-21;5;3;2;1;0;0;0;0;1;3;0
1979-06;91.0;;17.1;1979-06-20;11;10;6;4;0;0;0;0;0;5;0
1979-07;18.8;;5.1;1979-07-08;11;6;1;0;0;0;0;0;0;2;0
1979-08;24.4;;11.6;1979-08-19;7;3;2;1;0;0;0;0;0;1;0
1979-09;22.5;;18.3;1979-09-24;5;2;1;1;0;0;0;0;4;1;0
1979-10;13.7;;7.4;1979-10-30;9;3;1;0;0;0;0;0;0;1;0
1979-11;92.5;1.6;18.8;1979-11-18;19;14;6;4;0;0;0;1;0;0;0
1979-12;55.9;27.8;14.2;1979-12-29;15;9;4;1;0;0;0;5;0;0;0
1980-01;53.1;46.6;23.6;1980-01-23;13;7;3;1;1;0;0;17;0;0;1
1980-02;23.4;15.5;4.0;1980-02-05;14;6;0;0;0;0;0;11;0;0;0
1980-03;45.8;33.3;20.3;1980-03-20;14;7;2;1;1;0;0;7;2;1;0
1980-04;50.4;;11.0;1980-04-25;14;10;3;3;0;0;0;0;0;3;0
1980-05;39.9;1.1;10.7;1980-05-04;10;9;3;1;0;0;0;1;0;4;0
1980-06;82.3;;27.7;1980-06-09;18;9;4;3;1;0;0;0;1;7;0
1980-07;54.0;;16.1;1980-07-27;13;9;4;2;0;0;0;0;0;7;0
1980-08;53.7;;27.4;1980-08-30;10;5;3;2;1;0;0;0;0;3;0
1980-09;22.4;;9.0;1980-09-14;8;4;2;0;0;0;0;0;0;3;0
1980-10;56.6;;21.5;1980-10-10;12;10;3;1;1;0;0;0;0;0;0
1980-11;148.5;90.1;34.6;1980-11-30;18;11;8;7;2;1;0;8;0;0;0
1980-12;40.0;18.5;14.1;1980-12-26;9;7;3;1;0;0;0;9;0;0;0
1981-01;27.0;24.9;11.0;1981-01-03;8;5;2;1;0;0;0;8;0;0;0
1981-02;12.3;12.0;9.0;1981-02-22;9;2;1;0;0;0;0;8;0;0;0
1981-03;33.0;16.2;8.7;1981-03-02;9;7;2;0;0;0;0;3;0;2;0
1981-04;11.0;;4.6;1981-04-27;6;4;0;0;0;0;0;0;0;1;0
1981-05;36.1;;7.4;1981-05-20;11;8;3;0;0;0;0;0;0;4;0
1981-06;113.7;;34.8;1981-06-23;14;11;7;4;2;1;0;0;0;8;0
1981-07;29.0;;14.0;1981-07-19;9;5;1;1;0;0;0;0;0;6;0
1981-08;41.0;;20.2;1981-08-31;9;6;2;2;1;0;0;0;1;3;0
1981-09;48.8;;18.8;1981-09-29;14;9;4;1;0;0;0;0;9;2;0
1981-10;24.5;;12.6;1981-10-24;7;5;2;1;0;0;0;0;0;0;0
1981-11;33.6;29.5;19.6;1981-11-28;11;6;2;1;0;0;0;5;7;0;0
1981-12;103.3;69.1;21.7;1981-12-16;21;17;7;3;1;0;0;16;0;0;0
1982-01;61.9;29.9;23.2;1982-01-01;12;8;4;2;1;0;0;12;0;0;1
1982-02;7.1;5.5;3.2;1982-02-25;6;4;0;0;0;0;0;5;0;0;1
1982-03;51.3;10.4;21.1;1982-03-30;11;7;3;2;1;0;0;3;0;0;0
1982-04;13.1;0.7;8.6;1982-04-28;8;2;1;0;0;0;0;2;0;0;0
1982-05;41.0;;19.1;1982-05-29;14;8;2;1;0;0;0;0;0;5;0
1982-06;27.3;;18.2;1982-06-12;9;5;1;1;0;0;0;0;0;5;0
1982-07;76.8;;28.9;1982-07-25;11;8;4;3;1;0;0;0;0;11;0
1982-08;34.0;;9.1;1982-08-07;11;6;4;0;0;0;0;0;0;5;0
1982-09;9.4;;8.1;1982-09-23;3;2;1;0;0;0;0;0;0;1;0
1982-10;35.8;;8.0;1982-10-14;9;7;5;0;0;0;0;0;1;1;0
1982-11;29.4;;16.7;1982-11-14;6;4;2;1;0;0;0;0;0;0;0
1982-12;69.1;0.0;14.0;1982-12-22;13;9;6;4;0;0;0;1;0;0;0
1983-01;25.1;9.8;5.8;1983-01-28;10;7;1;0;0;0;0;4;0;0;0
1983-02;62.6;60.7;33.0;1983-02-06;12;7;3;2;1;1;0;16;0;0;0
1983-03;40.1;1.9;28.9;1983-03-25;11;6;1;1;1;0;0;1;2;2;0
1983-04;13.8;;4.4;1983-04-22;9;4;0;0;0;0;0;0;8;5;0
1983-05;44.4;;14.5;1983-05-09;11;7;5;1;0;0;0;0;0;5;0
1983-06;60.5;;20.7;1983-06-15;12;6;5;3;1;0;0;0;0;4;0
1983-07;11.8;;6.9;1983-07-24;7;3;1;0;0;0;0;0;0;4;0
1983-08;54.6;;21.5;1983-08-02;11;8;3;2;1;0;0;0;0;5;0
1983-09;29.2;;14.5;1983-09-17;7;6;2;1;0;0;0;0;0;0;0
1983-10;30.8;;17.8;1983-10-11;5;4;3;1;0;0;0;0;0;0;0
1983-11;60.2;1.6;56.7;1983-11-27;5;2;1;1;1;1;1;1;0;0;0
1983-12;17.2;8.1;3.9;1983-12-20;10;6;0;0;0;0;0;3;0;0;0
1984-01;69.2;55.0;19.1;1984-01-24;14;12;5;3;0;0;0;12;0;0;1
1984-02;25.2;16.7;14.9;1984-02-23;12;6;1;1;0;0;0;7;0;0;0
1984-03;26.3;4.1;5.6;1984-03-01;10;8;1;0;0;0;0;4;0;0;0
1984-04;43.2;;8.7;1984-04-03;11;9;5;0;0;0;0;0;1;2;0
1984-05;147.6;;25.4;1984-05-21;19;15;9;6;2;0;0;0;0;8;0
1984-06;27.9;;8.0;1984-06-07;12;8;2;0;0;0;0;0;0;5;0
1984-07;3.3;;2.2;1984-07-15;4;1;0;0;0;0;0;0;0;1;0
1984-08;58.0;;16.3;1984-08-07;8;7;4;3;0;0;0;0;0;8;0
1984-09;71.9;;40.1;1984-09-25;11;7;3;2;1;1;0;0;0;1;0
1984-10;54.4;;15.4;1984-10-07;10;5;4;3;0;0;0;0;0;1;0
1984-11;61.5;36.8;34.4;1984-11-17;8;7;4;1;1;1;0;3;0;0;0
1984-12;30.9;25.6;9.3;1984-12-16;12;7;2;0;0;0;0;8;0;0;0
1985-01;11.6;4.0;2.5;1985-01-31;11;4;0;0;0;0;0;8;1;0;1
1985-02;27.5;13.6;7.8;1985-02-01;8;5;3;0;0;0;0;10;1;1;0
1985-03;37.3;12.0;9.4;1985-03-17;18;9;2;0;0;0;0;5;0;1;1
1985-04;9.0;;2.7;1985-04-28;9;4;0;0;0;0;0;0;0;0;0
1985-05;100.9;;32.9;1985-05-17;18;13;7;3;1;1;0;0;1;9;0
1985-06;50.5;;9.1;1985-06-23;15;11;4;0;0;0;0;0;0;3;0
1985-07;21.2;;8.5;1985-07-01;6;4;2;0;0;0;0;0;0;4;0
1985-08;34.3;;11.1;1985-08-08;10;5;3;1;0;0;0;0;0;1;0
1985-09;9.4;;4.3;1985-09-06;5;3;0;0;0;0;0;0;0;0;0
1985-10;7.2;;4.1;1985-10-14;3;3;0;0;0;0;0;0;0;0;0
1985-11;107.2;29.4;33.8;1985-11-05;17;14;7;3;1;1;0;5;0;0;0
1985-12;32.0;7.2;7.8;1985-12-29;14;9;2;0;0;0;0;3;0;0;0
1986-01;71.7;27.8;21.6;1986-01-24;13;9;8;2;1;0;0;10;0;0;0
1986-02;61.4;52.0;13.3;1986-02-16;11;8;5;3;0;0;0;15;0;0;0
1986-03;30.4;22.5;7.0;1986-03-02;12;7;2;0;0;0;0;7;0;0;0
1986-04;38.5;3.2;19.9;1986-04-29;7;4;2;2;0;0;0;3;0;2;0
1986-05;25.0;;6.8;1986-05-29;8;5;3;0;0;0;0;0;0;5;0
1986-06;52.2;;18.6;1986-06-01;13;7;3;2;0;0;0;0;0;8;0
1986-07;7.6;;4.2;1986-07-21;8;2;0;0;0;0;0;0;0;2;0
1986-08;51.4;;30.6;1986-08-08;7;6;2;1;1;1;0;0;2;8;0
1986-09;0.4;;0.4;1986-09-10;1;0;0;0;0;0;0;0;1;0;0
1986-10;19.7;;7.9;1986-10-19;8;5;1;0;0;0;0;0;0;0;0
1986-11;9.1;;6.7;1986-11-24;8;2;1;0;0;0;0;0;0;0;0
1986-12;46.7;26.6;9.2;1986-12-28;14;8;4;0;0;0;0;11;2;0;0
1987-01;51.9;49.2;14.8;1987-01-10;15;9;4;2;0;0;0;17;0;0;0
1987-02;30.1;3.3;10.3;1987-02-15;14;6;2;1;0;0;0;2;0;0;1
1987-03;48.4;4.8;22.5;1987-03-30;14;7;3;1;1;0;0;10;0;0;0
1987-04;79.2;;33.0;1987-04-10;11;10;4;2;2;1;0;0;4;1;0
1987-05;103.4;;23.0;1987-05-21;16;13;7;4;2;0;0;0;0;3;0
1987-06;25.1;;10.2;1987-06-21;9;5;2;1;0;0;0;0;0;6;0
1987-07;21.5;;8.0;1987-07-25;6;4;3;0;0;0;0;0;0;5;0
1987-08;56.1;;18.0;1987-08-04;13;9;5;1;0;0;0;0;0;6;0
1987-09;26.3;;12.4;1987-09-26;7;6;1;1;0;0;0;0;0;2;0
1987-10;10.0;;7.4;1987-10-13;6;1;1;0;0;0;0;0;0;0;0
1987-11;47.6;;12.6;1987-11-26;10;8;5;2;0;0;0;0;0;0;0
1987-12;30.9;0.6;9.8;1987-12-18;10;6;3;0;0;0;0;5;0;0;2
1988-01;42.9;8.5;17.8;1988-01-30;12;6;2;2;0;0;0;6;0;0;1
1988-02;60.6;33.9;18.2;1988-02-24;19;11;4;2;0;0;0;11;0;0;0
1988-03;46.5;5.8;14.8;1988-03-31;10;9;4;1;0;0;0;2;0;0;0
1988-04;20.5;;5.7;1988-04-09;12;5;1;0;0;0;0;0;0;1;0
1988-05;88.7;;29.1;1988-05-19;15;12;7;2;1;0;0;0;2;9;0
1988-06;86.2;;51.8;1988-06-28;7;5;5;2;1;1;1;0;2;5;0
1988-07;17.7;;6.0;1988-07-15;8;4;2;0;0;0;0;0;0;3;0
1988-08;124.8;;43.0;1988-08-23;10;8;7;4;1;1;0;0;0;4;0
1988-09;67.4;;25.4;1988-09-05;9;6;4;3;1;0;0;0;0;2;0
1988-10;12.4;;5.4;1988-10-06;5;3;2;0;0;0;0;0;0;0;0
1988-11;21.1;15.0;7.1;1988-11-30;8;4;2;0;0;0;0;4;0;0;1
1988-12;70.2;25.0;30.4;1988-12-02;10;6;4;4;1;1;0;6;1;0;0
1989-01;8.6;7.7;7.7;1989-01-06;4;1;1;0;0;0;0;1;0;0;2
1989-02;15.1;;12.0;1989-02-26;7;2;1;1;0;0;0;0;0;0;1
1989-03;39.8;;25.4;1989-03-21;8;4;2;1;1;0;0;0;0;0;0
1989-04;52.7;;17.8;1989-04-17;14;9;3;2;0;0;0;0;0;3;0
1989-05;79.3;;35.1;1989-05-28;10;8;4;2;1;1;0;0;0;6;0
1989-06;168.7;;75.1;1989-06-26;12;10;6;4;3;2;1;0;1;9;0
1989-07;63.9;;32.7;1989-07-11;5;4;3;3;1;1;0;0;1;6;0
1989-08;84.1;;19.9;1989-08-27;12;9;7;4;0;0;0;0;0;4;0
1989-09;6.3;;3.9;1989-09-04;4;2;0;0;0;0;0;0;0;0;0
1989-10;9.4;;7.5;1989-10-08;4;1;1;0;0;0;0;0;1;0;0
1989-11;30.9;0.5;10.1;1989-11-07;6;5;3;1;0;0;0;2;0;0;0
1989-12;1.7;0.0;0.8;1989-12-19;3;0;0;0;0;0;0;1;0;0;0
1990-01;12.3;0.0;7.7;1990-01-26;4;3;1;0;0;0;0;5;0;0;0
1990-02;19.2;8.5;4.7;1990-02-14;9;8;0;0;0;0;0;4;3;2;0
1990-03;3.9;0.0;1.2;1990-03-01;5;3;0;0;0;0;0;1;0;0;0
1990-04;58.2;;16.3;1990-04-07;14;9;4;2;0;0;0;0;0;3;0
1990-05;33.1;;13.0;1990-05-11;7;4;3;2;0;0;0;0;2;6;0
1990-06;52.4;;21.7;1990-06-08;13;8;4;1;1;0;0;0;0;3;0
1990-07;18.7;;5.5;1990-07-02;7;5;1;0;0;0;0;0;0;3;0
1990-08;13.0;;10.3;1990-08-21;6;3;1;1;0;0;0;0;0;3;0
1990-09;60.0;;31.1;1990-09-20;8;5;4;2;1;1;0;0;0;2;0
1990-10;57.1;;22.9;1990-10-29;11;7;3;1;1;0;0;0;0;0;0
1990-11;45.1;;12.4;1990-11-27;13;7;5;1;0;0;0;0;0;0;0
1990-12;42.7;12.9;12.0;1990-12-27;14;8;2;2;0;0;0;9;0;0;1
1991-01;0.5;;0.3;1991-01-09;2;0;0;0;0;0;0;0;0;0;0
1991-02;37.3;32.6;21.8;1991-02-08;10;7;1;1;1;0;0;9;0;0;0
1991-03;28.2;0.8;14.6;1991-03-29;9;6;1;1;0;0;0;1;0;0;0
1991-04;29.0;14.7;14.7;1991-04-18;10;5;1;1;0;0;0;1;0;3;0
1991-05;85.9;;35.2;1991-05-17;15;10;4;3;1;1;0;0;0;3;0
1991-06;40.0;;15.4;1991-06-06;9;4;3;1;0;0;0;0;0;3;0
1991-07;128.1;;40.1;1991-07-27;10;8;6;4;2;2;0;0;0;7;0
1991-08;73.1;;33.6;1991-08-01;8;7;3;2;2;1;0;0;0;7;0
1991-09;2.3;;0.9;1991-09-23;4;0;0;0;0;0;0;0;0;0;0
1991-10;57.8;;14.1;1991-10-08;14;9;6;1;0;0;0;0;0;1;0
1991-11;88.0;;16.8;1991-11-04;13;12;7;4;0;0;0;0;0;0;0
1991-12;23.8;18.7;7.6;1991-12-18;10;7;1;0;0;0;0;10;0;0;0
1992-01;7.4;4.7;3.7;1992-01-19;10;2;0;0;0;0;0;5;0;0;0
1992-02;4.3;1.5;1.9;1992-02-23;6;1;0;0;0;0;0;6;0;0;0
1992-03;52.1;4.8;11.2;1992-03-21;12;10;5;2;0;0;0;2;0;2;0
1992-04;10.3;;4.3;1992-04-01;5;4;0;0;0;0;0;0;0;4;0
1992-05;12.1;;5.4;1992-05-27;8;4;1;0;0;0;0;0;0;5;0
1992-06;60.0;;11.9;1992-06-08;12;11;5;2;0;0;0;0;0;11;0
1992-07;37.9;;26.8;1992-07-12;6;4;2;1;1;0;0;0;0;4;0
1992-08;3.3;;3.0;1992-08-30;2;1;0;0;0;0;0;0;0;3;0
1992-09;23.7;;7.1;1992-09-30;8;5;3;0;0;0;0;0;0;1;0
1992-10;63.3;;11.7;1992-10-16;16;9;6;2;0;0;0;0;0;1;0
1992-11;43.8;7.7;10.2;1992-11-16;12;8;4;1;0;0;0;2;0;0;0
1992-12;45.9;7.0;21.2;1992-12-06;13;7;3;1;1;0;0;7;0;1;2
1993-01;20.2;7.1;6.3;1993-01-23;7;6;1;0;0;0;0;6;0;0;2
1993-02;3.7;3.7;2.0;1993-02-24;6;2;0;0;0;0;0;10;1;0;1
1993-03;15.8;14.5;5.7;1993-03-28;9;4;1;0;0;0;0;9;1;0;0
1993-04;16.5;;7.5;1993-04-13;8;4;1;0;0;0;0;0;0;0;0
1993-05;11.9;;5.7;1993-05-28;10;4;1;0;0;0;0;0;0;9;0
1993-06;16.3;;4.9;1993-06-03;11;5;0;0;0;0;0;0;0;6;0
1993-07;64.6;;31.0;1993-07-22;11;7;4;2;1;1;0;0;0;8;0
1993-08;21.4;;9.2;1993-08-31;9;6;1;0;0;0;0;0;0;2;0
1993-09;64.7;;16.2;1993-09-03;11;8;4;3;0;0;0;0;0;3;0
1993-10;134.9;;50.9;1993-10-03;14;10;6;2;2;2;1;0;0;1;0
1993-11;82.3;49.3;18.2;1993-11-06;14;11;7;3;0;0;0;13;0;0;0
1993-12;53.1;29.2;8.4;1993-12-14;18;12;5;0;0;0;0;7;0;0;1
1994-01;43.7;2.0;14.1;1994-01-04;12;6;4;2;0;0;0;3;0;1;0
1994-02;11.9;11.9;5.9;1994-02-11;5;2;1;0;0;0;0;7;0;0;0
1994-03;19.8;12.0;7.7;1994-03-21;7;3;2;0;0;0;0;3;1;2;0
1994-04;72.2;;14.1;1994-04-11;12;10;6;4;0;0;0;0;0;7;0
1994-05;78.7;;18.9;1994-05-20;15;11;7;2;0;0;0;0;0;5;0
1994-06;65.4;;40.7;1994-06-29;9;6;3;1;1;1;0;0;1;2;0
1994-07;30.4;;16.9;1994-07-18;9;5;1;1;0;0;0;0;1;9;0
1994-08;35.3;;9.2;1994-08-29;10;9;2;0;0;0;0;0;0;5;0
1994-09;44.9;;17.5;1994-09-02;7;5;4;1;0;0;0;0;0;4;0
1994-10;41.4;;14.1;1994-10-28;9;6;3;2;0;0;0;0;0;0;0
1994-11;32.4;0.0;21.4;1994-11-11;8;4;2;1;1;0;0;1;0;0;0
1994-12;5.0;0.0;2.9;1994-12-11;10;1;0;0;0;0;0;5;0;0;0
1995-01;31.8;18.3;13.1;1995-01-19;8;6;2;1;0;0;0;17;0;0;0
1995-02;56.6;;21.2;1995-02-26;10;8;4;1;1;0;0;0;0;1;0
1995-03;29.3;3.9;6.7;1995-03-03;13;8;2;0;0;0;0;4;3;0;0
1995-04;48.2;1.8;25.2;1995-04-26;9;7;2;2;1;0;0;1;0;3;0
1995-05;77.7;;20.0;1995-05-19;15;10;6;3;1;0;0;0;0;10;0
1995-06;73.4;;20.1;1995-06-12;13;9;4;3;1;0;0;0;1;9;0
1995-07;5.7;;4.0;1995-07-14;2;2;0;0;0;0;0;0;0;4;0
1995-08;51.5;;16.7;1995-08-28;13;8;3;2;0;0;0;0;0;8;0
1995-09;54.8;;13.8;1995-09-03;13;10;5;2;0;0;0;0;0;2;0
1995-10;0.0;;0.0;1995-10-02;0;0;0;0;0;0;0;0;0;0;0
1995-11;52.3;12.9;14.7;1995-11-29;14;10;5;2;0;0;0;7;0;0;1
1995-12;93.6;81.9;19.8;1995-12-13;19;12;8;4;0;0;0;14;0;0;0
1996-01;69.7;49.0;19.8;1996-01-24;14;8;5;3;0;0;0;13;0;0;1
1996-02;32.2;31.5;23.1;1996-02-13;9;4;1;1;1;0;0;12;0;0;1
1996-03;9.2;5.7;3.5;1996-03-24;3;3;0;0;0;0;0;6;0;0;0
1996-04;35.1;1.5;24.2;1996-04-02;7;6;1;1;1;0;0;3;0;1;0
1996-05;64.2;;13.1;1996-05-13;13;9;5;3;0;0;0;0;0;10;0
1996-06;33.6;;16.8;1996-06-20;7;4;2;2;0;0;0;0;0;6;0
1996-07;30.2;;14.0;1996-07-02;6;3;2;2;0;0;0;0;0;4;0
1996-08;36.0;;13.1;1996-08-27;9;6;3;1;0;0;0;0;0;5;0
1996-09;115.1;;49.9;1996-09-23;16;9;6;3;1;1;0;0;0;2;0
1996-10;12.6;;3.3;1996-10-28;10;4;0;0;0;0;0;0;0;0;0
1996-11;29.7;8.1;17.4;1996-11-20;9;5;2;1;0;0;0;5;0;0;0
1996-12;59.9;36.6;16.5;1996-12-20;15;8;5;2;0;0;0;8;0;0;1
1997-01;29.0;28.5;11.5;1997-01-01;8;4;3;1;0;0;0;7;0;0;3
1997-02;1.4;0.3;0.8;1997-02-26;4;0;0;0;0;0;0;2;0;1;0
1997-03;12.1;9.8;4.2;1997-03-18;7;5;0;0;0;0;0;5;3;0;0
1997-04;37.5;4.3;13.6;1997-04-05;11;8;1;1;0;0;0;3;0;1;0
1997-05;45.3;;20.3;1997-05-08;10;6;3;1;1;0;0;0;0;5;0
1997-06;50.0;;12.2;1997-06-14;11;6;5;2;0;0;0;0;0;4;0
1997-07;48.9;;16.4;1997-07-18;10;8;2;2;0;0;0;0;0;4;0
1997-08;26.4;;6.9;1997-08-16;7;6;2;0;0;0;0;0;0;4;0
1997-09;4.8;;2.8;1997-09-13;3;2;0;0;0;0;0;0;0;1;0
1997-10;9.5;0.0;8.1;1997-10-01;4;2;1;0;0;0;0;1;0;0;0
1997-11;37.9;2.5;10.8;1997-11-13;17;9;2;1;0;0;0;2;0;0;0
1997-12;23.8;4.0;9.4;1997-12-26;12;6;2;0;0;0;0;9;0;0;0
1998-01;50.6;14.3;25.0;1998-01-20;6;5;3;2;1;0;0;2;0;0;0
1998-02;0.2;0.0;0.2;1998-02-24;1;0;0;0;0;0;0;1;0;0;0
1998-03;6.1;0.5;4.0;1998-03-07;4;2;0;0;0;0;0;3;0;0;0
1998-04;95.5;;32.9;1998-04-18;16;10;5;3;1;1;0;0;1;4;0
1998-05;87.5;;30.4;1998-05-04;12;10;5;3;1;1;0;0;1;3;0
1998-06;47.8;;17.1;1998-06-12;6;5;3;2;0;0;0;0;0;5;0
1998-07;41.3;;13.9;1998-07-07;9;7;3;1;0;0;0;0;0;4;0
1998-08;24.9;;5.2;1998-08-21;7;7;1;0;0;0;0;0;0;5;0
1998-09;117.4;;28.0;1998-09-05;16;11;7;6;1;0;0;0;0;2;0
1998-10;72.0;;15.7;1998-10-19;15;10;5;3;0;0;0;0;0;0;0
1998-11;75.9;3.7;24.7;1998-11-04;11;9;4;3;2;0;0;6;0;0;0
1998-12;23.8;20.8;16.8;1998-12-04;6;4;1;1;0;0;0;10;0;0;1
1999-01;7.4;5.0;2.8;1999-01-11;14;2;0;0;0;0;0;7;0;0;1
1999-02;53.3;42.0;22.8;1999-02-09;17;9;3;1;1;0;0;16;0;0;0
1999-03;16.8;;11.3;1999-03-07;9;3;1;1;0;0;0;0;0;1;0
1999-04;53.0;;13.5;1999-04-18;13;10;5;1;0;0;0;0;0;2;0
1999-05;41.2;;16.2;1999-05-22;11;8;3;1;0;0;0;0;0;3;0
1999-06;237.8;;49.9;1999-06-04;12;11;8;7;5;4;0;0;1;8;0
1999-07;117.4;;31.8;1999-07-10;13;9;5;4;3;1;0;0;0;9;0
1999-08;71.7;;40.7;1999-08-16;7;6;2;2;1;1;0;0;0;4;0
1999-09;19.1;;16.0;1999-09-28;3;3;1;1;0;0;0;0;0;3;0
1999-10;44.1;;15.1;1999-10-05;8;8;3;2;0;0;0;0;0;0;0
1999-11;100.7;42.5;25.0;1999-11-09;15;11;5;5;2;0;0;7;0;0;1
1999-12;79.7;33.4;27.3;1999-12-28;13;9;3;3;2;0;0;6;0;0;1
2000-01;27.3;12.9;8.3;2000-01-29;8;5;3;0;0;0;0;16;0;0;1
2000-02;16.9;11.4;9.9;2000-02-16;8;3;1;0;0;0;0;6;0;0;0
2000-03;53.0;12.2;11.1;2000-03-01;20;11;4;1;0;0;0;8;0;2;0
2000-04;71.7;;26.6;2000-04-05;10;7;3;2;2;0;0;0;0;2;0
2000-05;23.9;;10.1;2000-05-01;6;3;2;1;0;0;0;0;0;2;0
2000-06;7.5;;2.8;2000-06-30;3;3;0;0;0;0;0;0;0;1;0
2000-07;43.4;;18.9;2000-07-15;9;7;2;2;0;0;0;0;0;3;0
2000-08;4.1;;2.0;2000-08-06;3;2;0;0;0;0;0;0;0;1;0
2000-09;21.9;;7.4;2000-09-02;7;7;2;0;0;0;0;0;0;1;0
2000-10;13.5;;6.5;2000-10-02;7;3;1;0;0;0;0;0;0;0;0
2000-11;58.6;;19.8;2000-11-04;14;8;4;1;0;0;0;0;0;1;0
2000-12;46.8;6.5;14.6;2000-12-29;9;9;3;2;0;0;0;2;0;0;1
2001-01;92.5;38.3;23.1;2001-01-25;13;11;7;2;1;0;0;5;0;1;0
2001-02;9.6;7.8;4.2;2001-02-22;5;4;0;0;0;0;0;6;0;1;0
2001-03;66.6;28.5;16.9;2001-03-02;17;15;3;2;0;0;0;5;0;0;0
2001-04;25.3;0.0;8.6;2001-04-08;8;5;2;0;0;0;0;1;0;0;0
2001-05;19.3;;7.9;2001-05-06;6;4;2;0;0;0;0;0;0;6;0
2001-06;80.6;;38.5;2001-06-18;8;6;3;2;2;1;0;0;0;4;0
2001-07;83.0;;39.9;2001-07-23;12;9;5;2;1;1;0;0;0;7;0
2001-08;41.0;;21.5;2001-08-20;6;5;3;1;1;0;0;0;0;5;0
2001-09;87.9;;28.1;2001-09-17;13;10;5;4;1;0;0;0;0;1;0
2001-10;5.0;;3.5;2001-10-29;4;2;0;0;0;0;0;0;0;0;0
2001-11;21.8;4.1;11.1;2001-11-13;5;4;1;1;0;0;0;4;0;0;0
2001-12;15.6;13.1;6.6;2001-12-12;10;6;1;0;0;0;0;10;0;0;2
2002-01;10.0;0.7;3.8;2002-01-21;9;2;0;0;0;0;0;9;0;0;0
2002-02;18.7;1.3;7.5;2002-02-23;10;5;1;0;0;0;0;3;0;0;0
2002-03;22.9;;7.6;2002-03-01;6;4;3;0;0;0;0;0;0;0;0
2002-04;48.9;14.8;19.8;2002-04-13;10;8;2;2;0;0;0;2;1;4;0
2002-05;41.0;;15.8;2002-05-10;8;6;2;2;0;0;0;0;0;8;0
2002-06;35.4;;15.2;2002-06-09;11;5;3;1;0;0;0;0;0;2;0
2002-07;65.2;;46.4;2002-07-18;8;5;3;1;1;1;0;0;0;6;0
2002-08;71.8;;19.4;2002-08-11;11;8;5;4;0;0;0;0;0;3;0
2002-09;45.1;;21.2;2002-09-24;13;7;3;1;1;0;0;0;0;2;0
2002-10;54.1;;22.3;2002-10-12;16;9;2;2;1;0;0;0;0;0;0
2002-11;35.3;10.9;8.3;2002-11-29;16;8;3;0;0;0;0;5;0;0;0
2002-12;45.7;14.8;6.3;2002-12-02;18;13;1;0;0;0;0;9;0;0;2
2003-01;26.9;25.4;5.8;2003-01-07;16;9;2;0;0;0;0;19;0;0;2
2003-02;29.5;29.5;11.5;2003-02-04;5;3;3;2;0;0;0;8;0;0;0
2003-03;0.5;0.0;0.3;2003-03-09;2;0;0;0;0;0;0;4;0;0;0
2003-04;13.4;1.3;6.4;2003-04-10;5;3;1;0;0;0;0;3;1;1;0
2003-05;28.5;;12.6;2003-05-20;8;3;3;1;0;0;0;0;1;8;0
2003-06;25.0;;12.7;2003-06-23;7;4;2;1;0;0;0;0;0;2;0
2003-07;67.3;;28.4;2003-07-03;9;8;3;2;1;0;0;0;0;5;0
2003-08;11.8;;5.8;2003-08-31;3;2;2;0;0;0;0;0;0;2;0
2003-09;9.0;;5.4;2003-09-29;2;2;1;0;0;0;0;0;0;0;0
2003-10;81.4;8.5;20.4;2003-10-30;11;7;6;4;1;0;0;2;1;2;0
2003-11;46.3;;28.9;2003-11-01;12;5;3;1;1;0;0;0;0;0;0
2003-12;5.1;0.0;2.3;2003-12-13;6;2;0;0;0;0;0;2;0;0;1
2004-01;43.3;14.5;13.1;2004-01-17;12;7;3;1;0;0;0;13;0;0;0
2004-02;55.3;29.7;22.6;2004-02-22;11;9;4;1;1;0;0;11;0;2;2
2004-03;55.1;24.8;17.3;2004-03-24;9;7;4;2;0;0;0;8;0;0;0
2004-04;52.2;;13.9;2004-04-16;11;8;5;2;0;0;0;0;0;1;0
2004-05;43.6;;10.1;2004-05-02;13;9;4;1;0;0;0;0;1;9;0
2004-06;65.4;;17.3;2004-06-03;12;9;4;3;0;0;0;0;0;7;0
2004-07;27.8;;6.7;2004-07-28;12;7;2;0;0;0;0;0;0;3;0
2004-08;25.7;;20.9;2004-08-25;5;3;1;1;1;0;0;0;0;4;0
2004-09;12.7;;6.1;2004-09-22;6;3;1;0;0;0;0;0;0;0;0
2004-10;56.9;;25.4;2004-10-17;10;7;3;2;1;0;0;0;0;0;0
2004-11;57.9;3.6;28.0;2004-11-08;10;8;2;2;1;0;0;2;0;1;0
2004-12;37.7;12.4;12.9;2004-12-27;7;5;3;2;0;0;0;3;0;0;2
2005-01;25.5;21.4;9.3;2005-01-20;7;6;2;0;0;0;0;10;0;0;0
2005-02;45.8;45.3;14.0;2005-02-22;8;6;4;2;0;0;0;15;0;0;0
2005-03;9.0;4.5;4.5;2005-03-04;5;2;0;0;0;0;0;5;0;0;0
2005-04;97.8;;16.7;2005-04-20;14;11;8;6;0;0;0;0;0;3;0
2005-05;50.2;;32.3;2005-05-18;6;6;2;1;1;1;0;0;0;1;0
2005-06;57.2;;26.4;2005-06-09;4;4;4;2;1;0;0;0;0;1;0
2005-07;62.6;;29.2;2005-07-11;11;8;3;1;1;0;0;0;0;4;0
2005-08;180.8;;69.6;2005-08-04;12;9;5;5;3;3;1;0;0;5;0
2005-09;40.9;;17.5;2005-09-19;6;5;4;1;0;0;0;0;0;1;0
2005-10;3.1;;1.3;2005-10-22;6;2;0;0;0;0;0;0;0;1;0
2005-11;28.9;7.8;9.9;2005-11-16;12;8;2;0;0;0;0;6;0;0;0
2005-12;94.3;57.0;16.0;2005-12-05;18;13;7;4;0;0;0;15;0;0;0
2006-01;34.4;3.1;14.5;2006-01-01;10;5;2;2;0;0;0;6;0;0;1
2006-02;33.6;28.6;10.4;2006-02-08;12;9;2;1;0;0;0;15;0;2;0
2006-03;33.2;25.6;11.8;2006-03-05;11;7;2;1;0;0;0;6;0;0;0
2006-04;18.3;;5.3;2006-04-27;10;9;1;0;0;0;0;0;0;2;0
2006-05;71.1;;11.0;2006-05-24;17;13;5;1;0;0;0;0;0;1;0
2006-06;54.6;;24.5;2006-06-02;7;5;4;3;1;0;0;0;0;7;0
2006-07;63.9;;34.2;2006-07-24;8;4;3;2;1;1;0;0;0;10;0
2006-08;93.7;;49.4;2006-08-01;11;6;4;2;1;1;0;0;0;3;0
2006-09;19.6;;7.1;2006-09-19;7;5;2;0;0;0;0;0;0;2;0
2006-10;12.6;;7.4;2006-10-24;3;2;1;0;0;0;0;0;0;0;0
2006-11;24.2;0.7;6.7;2006-11-20;10;6;1;0;0;0;0;2;1;0;0
2006-12;4.8;0.0;3.5;2006-12-09;2;2;0;0;0;0;0;1;0;0;0
2007-01;26.7;0.3;10.9;2007-01-23;8;5;2;1;0;0;0;5;0;0;0
2007-02;44.1;14.2;10.2;2007-02-26;15;12;2;1;0;0;0;3;0;0;0
2007-03;36.4;;15.6;2007-03-23;9;5;2;1;0;0;0;0;0;0;0
2007-04;0.9;;0.9;2007-04-18;1;0;0;0;0;0;0;0;0;1;0
2007-05;58.0;;23.7;2007-05-05;12;8;3;2;1;0;0;0;0;7;0
2007-06;47.7;;22.6;2007-06-21;6;6;4;1;1;0;0;0;0;7;0
2007-07;16.4;;5.0;2007-07-10;8;4;1;0;0;0;0;0;0;2;0
2007-08;98.8;;28.8;2007-08-19;11;8;6;4;2;0;0;0;0;8;0
2007-09;29.3;;7.1;2007-09-04;10;6;4;0;0;0;0;0;0;1;0
2007-10;38.2;;11.9;2007-10-24;9;5;3;2;0;0;0;0;0;0;0
2007-11;49.8;22.2;12.0;2007-11-07;14;10;4;2;0;0;0;6;0;0;0
2007-12;25.9;13.2;10.6;2007-12-03;12;5;2;1;0;0;0;9;0;0;0
2008-01;32.3;12.6;13.0;2008-01-06;13;7;2;1;0;0;0;10;0;0;2
2008-02;1.7;;1.0;2008-02-29;4;1;0;0;0;0;0;0;0;0;0
2008-03;65.8;16.9;16.9;2008-03-23;14;9;6;2;0;0;0;2;0;1;0
2008-04;23.0;;4.9;2008-04-23;13;8;0;0;0;0;0;0;0;4;0
2008-05;33.2;;12.8;2008-05-05;8;5;2;2;0;0;0;0;0;7;0
2008-06;113.1;;19.1;2008-06-07;16;11;8;6;0;0;0;0;0;10;0
2008-07;107.8;;24.6;2008-07-14;13;10;7;4;2;0;0;0;0;10;0
2008-08;20.1;;8.5;2008-08-08;4;4;2;0;0;0;0;0;0;3;0
2008-09;50.5;;21.0;2008-09-15;9;7;3;1;1;0;0;0;0;2;0
2008-10;18.1;;5.4;2008-10-04;5;4;3;0;0;0;0;0;0;1;0
2008-11;40.6;25.3;13.5;2008-11-24;9;6;4;1;0;0;0;5;0;1;0
2008-12;58.8;1.3;14.4;2008-12-18;16;9;5;2;0;0;0;2;0;1;0
2009-01;41.0;0.5;13.0;2009-01-21;9;6;3;2;0;0;0;9;0;0;3
2009-02;35.0;22.8;5.1;2009-02-23;15;11;2;0;0;0;0;12;0;0;0
2009-03;35.8;0.0;14.8;2009-03-29;11;6;2;2;0;0;0;4;1;0;0
2009-04;5.5;;4.8;2009-04-14;2;1;0;0;0;0;0;0;0;1;0
2009-05;22.6;;17.3;2009-05-31;8;4;1;1;0;0;0;0;0;2;0
2009-06;83.7;;27.0;2009-06-22;15;12;5;2;1;0;0;0;0;7;0
2009-07;19.1;;9.8;2009-07-03;5;3;2;0;0;0;0;0;0;5;0
2009-08;29.8;;9.4;2009-08-22;9;6;3;0;0;0;0;0;0;2;0
2009-09;22.4;;12.1;2009-09-04;3;2;2;2;0;0;0;0;0;2;0
2009-10;52.1;;22.0;2009-10-10;10;6;3;2;1;0;0;0;0;0;0
2009-11;65.7;2.2;22.6;2009-11-10;16;7;3;2;2;0;0;1;0;0;0
2009-12;66.4;23.8;17.8;2009-12-08;14;11;6;1;0;0;0;12;0;1;0
2010-01;61.8;41.9;11.6;2010-01-08;14;9;5;2;0;0;0;16;0;0;0
2010-02;50.9;21.0;14.6;2010-02-19;11;9;3;2;0;0;0;8;0;0;0
2010-03;21.0;12.9;7.2;2010-03-11;9;5;1;0;0;0;0;4;0;0;0
2010-04;42.8;;14.2;2010-04-12;11;8;3;1;0;0;0;0;0;1;0
2010-05;191.6;;67.3;2010-05-15;21;18;9;7;1;1;1;0;0;14;0
2010-06;90.1;;24.6;2010-06-18;14;11;7;3;1;0;0;0;0;6;0
2010-07;27.7;;7.4;2010-07-25;9;5;3;0;0;0;0;0;0;6;0
2010-08;78.9;;33.4;2010-08-06;9;8;6;1;1;1;0;0;0;5;0
2010-09;104.4;;32.9;2010-09-10;12;10;7;4;1;1;0;0;0;0;0
2010-10;36.9;;21.8;2010-10-05;6;5;2;1;1;0;0;0;0;0;0
2010-11;79.2;37.6;23.4;2010-11-22;11;9;4;3;2;0;0;3;0;0;0
2010-12;29.9;20.1;4.6;2010-12-01;15;11;0;0;0;0;0;15;0;0;0
2011-01;16.0;4.8;8.1;2011-01-11;7;4;1;0;0;0;0;7;0;0;0
2011-02;6.0;4.6;1.7;2011-02-17;5;4;0;0;0;0;0;9;0;0;0
2011-03;28.4;3.2;12.0;2011-03-17;6;4;2;1;0;0;0;2;0;0;0
2011-04;7.1;;4.5;2011-04-24;5;2;0;0;0;0;0;0;0;1;0
2011-05;26.0;;11.1;2011-05-15;10;5;2;1;0;0;0;0;0;7;0
2011-06;40.7;;10.2;2011-06-06;12;8;4;1;0;0;0;0;0;10;0
2011-07;75.3;;22.5;2011-07-19;14;8;4;4;1;0;0;0;0;7;0
2011-08;8.6;;7.6;2011-08-04;3;1;1;0;0;0;0;0;0;0;0
2011-09;3.7;;2.9;2011-09-19;2;1;0;0;0;0;0;0;0;0;0
2011-10;25.6;;10.1;2011-10-20;9;5;1;1;0;0;0;0;0;0;0
2011-11;0.0;;0.0;2011-11-23;0;0;0;0;0;0;0;0;0;0;0
2011-12;53.1;15.0;16.2;2011-12-16;12;10;4;1;0;0;0;8;0;0;2
2012-01;42.1;22.7;15.6;2012-01-21;14;9;3;1;0;0;0;10;0;0;0
2012-02;11.4;11.3;3.1;2012-02-04;7;5;0;0;0;0;0;10;0;0;0
2012-03;0.8;;0.6;2012-03-29;2;0;0;0;0;0;0;0;0;0;0
2012-04;21.5;;9.7;2012-04-05;8;4;2;0;0;0;0;0;0;2;0
2012-05;40.0;;9.5;2012-05-21;10;7;4;0;0;0;0;0;0;4;0
2012-06;67.7;;23.5;2012-06-21;6;5;4;4;1;0;0;0;0;3;0
2012-07;54.5;;16.0;2012-07-28;13;8;4;2;0;0;0;0;0;11;0
2012-08;0.8;;0.7;2012-08-26;2;0;0;0;0;0;0;0;0;1;0
2012-09;19.5;;9.0;2012-09-19;7;3;2;0;0;0;0;0;0;0;0
2012-10;61.9;;14.2;2012-10-16;10;9;6;1;0;0;0;0;0;3;0
2012-11;15.7;;7.9;2012-11-01;9;5;1;0;0;0;0;0;0;0;0
2012-12;47.7;22.3;15.0;2012-12-15;10;8;4;1;0;0;0;7;0;0;0
2013-01;54.1;40.0;15.5;2013-01-14;15;11;3;2;0;0;0;13;0;0;2
2013-02;76.9;34.6;15.3;2013-02-02;17;12;6;3;0;0;0;11;0;0;0
2013-03;108.1;63.3;18.7;2013-03-14;15;13;8;6;0;0;0;8;0;0;0
2013-04;20.6;;12.5;2013-04-02;10;3;1;1;0;0;0;;;;
2013-05;87.2;;22.7;2013-05-17;15;11;4;4;2;0;0;;;;
2013-06;86.2;;42.2;2013-06-08;11;7;5;3;1;1;0;;;;
2013-07;9.8;;7.1;2013-07-05;3;3;1;0;0;0;0;;;;
2013-08;28.3;;16.1;2013-08-28;8;4;2;1;0;0;0;;;;
2013-09;27.5;;6.2;2013-09-10;10;5;3;0;0;0;0;;;;
2013-10;34.2;;13.0;2013-10-12;8;5;2;2;0;0;0;;;;
2013-11;51.3;;13.9;2013-11-24;14;9;5;1;0;0;0;;;;
2013-12;4.0;;2.3;2013-12-26;5;2;0;0;0;0;0;;;;
2014-01;19.2;;4.9;2014-01-04;13;6;0;0;0;0;0;;;;
2014-02;46.7;;8.0;2014-02-21;14;12;4;0;0;0;0;;;;
2014-03;19.4;;10.4;2014-03-07;5;4;1;1;0;0;0;;;;
2014-04;18.6;;9.0;2014-04-25;7;4;1;0;0;0;0;;;;
2014-05;81.5;;17.4;2014-05-15;14;11;6;3;0;0;0;;;;
2014-06;16.9;;8.7;2014-06-29;6;3;2;0;0;0;0;;;;
2014-07;75.9;;23.9;2014-07-22;13;10;6;2;1;0;0;;;;
2014-08;99.9;;21.4;2014-08-03;13;9;5;4;2;0;0;;;;
2014-09;134.7;;53.0;2014-09-11;9;7;5;4;3;2;1;;;;
2014-10;57.6;;34.8;2014-10-21;11;6;2;1;1;1;0;;;;
2014-11;29.6;;15.0;2014-11-30;8;3;2;2;0;0;0;;;;
2014-12;64.9;;35.2;2014-12-01;10;6;4;1;1;1;0;;;;
2015-01;73.7;;17.6;2015-01-23;16;9;5;3;0;0;0;;;;
2015-02;12.5;;5.5;2015-02-25;9;3;1;0;0;0;0;;;;
2015-03;11.8;;3.6;2015-03-27;11;3;0;0;0;0;0;;;;
2015-04;5.4;;2.6;2015-04-08;5;3;0;0;0;0;0;;;;
2015-05;52.4;;14.8;2015-05-21;15;11;4;1;0;0;0;;;;
2015-06;55.1;;42.5;2015-06-09;6;5;2;1;1;1;0;;;;
2015-07;23.9;;16.8;2015-07-08;7;4;1;1;0;0;0;;;;
2015-08;164.7;;115.4;2015-08-17;8;7;3;3;1;1;1;;;;
2015-09;71.3;;31.6;2015-09-25;10;8;4;3;1;1;0;;;;
2015-10;110.4;;27.0;2015-10-16;13;11;7;4;1;0;0;;;;
2015-11;14.9;;4.2;2015-11-15;10;5;0;0;0;0;0;;;;
2015-12;2.6;;1.6;2015-12-18;8;1;0;0;0;0;0;;;;
2016-01;49.9;;21.3;2016-01-09;14;11;2;1;1;0;0;;;;
2016-02;111.5;;22.0;2016-02-29;18;15;8;4;1;0;0;;;;
2016-03;20.7;;8.5;2016-03-01;6;5;2;0;0;0;0;;;;
2016-04;14.4;;5.8;2016-04-27;5;4;1;0;0;0;0;;;;
2016-05;66.7;;21.2;2016-05-12;15;11;5;1;1;0;0;;;;
2016-06;35.0;;14.0;2016-06-11;11;7;2;1;0;0;0;;;;
2016-07;115.7;;26.8;2016-07-16;11;9;6;4;3;0;0;;;;
2016-08;56.5;;36.5;2016-08-22;6;5;3;1;1;1;0;;;;
2016-09;24.8;;8.2;2016-09-17;6;4;3;0;0;0;0;;;;
2016-10;29.8;;6.9;2016-10-25;13;10;1;0;0;0;0;;;;
2016-11;39.9;;15.8;2016-11-05;9;6;2;1;0;0;0;;;;
2016-12;4.5;;2.1;2016-12-25;5;1;0;0;0;0;0;;;;
2017-01;26.9;;12.6;2017-01-13;5;4;2;2;0;0;0;;;;
2017-02;37.1;;17.4;2017-02-01;7;6;2;1;0;0;0;;;;
2017-03;45.4;;12.7;2017-03-05;7;6;4;2;0;0;0;;;;
2017-04;53.6;;30.3;2017-04-19;11;7;2;1;1;1;0;;;;
2017-05;73.3;;52.0;2017-05-23;10;6;2;1;1;1;1;;;;
2017-06;27.2;;14.6;2017-06-30;9;5;1;1;0;0;0;;;;
2017-07;41.3;;19.9;2017-07-10;9;6;3;1;0;0;0;;;;
2017-08;69.0;;38.3;2017-08-06;4;3;2;2;2;1;0;;;;
2017-09;80.5;;28.9;2017-09-16;10;8;4;4;1;0;0;;;;
2017-10;61.7;;29.2;2017-10-22;7;6;3;3;1;0;0;;;;
2017-11;37.4;;13.9;2017-11-29;14;6;2;1;0;0;0;;;;
2017-12;26.0;;10.7;2017-12-08;10;5;1;1;0;0;0;;;;
2018-01;21.4;;5.0;2018-01-13;15;8;1;0;0;0;0;;;;
2018-02;43.1;;8.7;2018-02-20;13;10;3;0;0;0;0;;;;
2018-03;69.7;;15.7;2018-03-16;11;10;6;2;0;0;0;;;;
2018-04;14.6;;3.8;2018-04-12;6;5;0;0;0;0;0;;;;
2018-05;55.9;;15.9;2018-05-15;12;8;5;2;0;0;0;;;;
2018-06;49.7;;13.2;2018-06-28;11;8;3;2;0;0;0;;;;
2018-07;13.3;;6.4;2018-07-23;7;5;1;0;0;0;0;;;;
2018-08;66.3;;27.9;2018-08-24;11;8;5;2;1;0;0;;;;
2018-09;64.9;;48.4;2018-09-01;6;5;2;1;1;1;0;;;;
2018-10;30.6;;19.5;2018-10-28;10;4;1;1;0;0;0;;;;
2018-11;36.5;;12.1;2018-11-26;8;6;3;2;0;0;0;;;;
2018-12;26.5;;8.3;2018-12-23;17;8;1;0;0;0;0;;;;
2019-01;24.1;;9.1;2019-01-13;12;5;3;0;0;0;0;;;;
2019-02;8.4;;5.8;2019-02-03;4;2;1;0;0;0;0;;;;
2019-03;9.8;;3.4;2019-03-15;9;4;0;0;0;0;0;;;;
2019-04;18.6;;4.2;2019-04-09;10;6;0;0;0;0;0;;;;
2019-05;136.8;;29.3;2019-05-29;18;15;10;4;2;0;0;;;;
2019-06;43.8;;27.9;2019-06-22;9;5;2;1;1;0;0;;;;
2019-07;50.9;;20.8;2019-07-27;9;5;2;2;1;0;0;;;;
2019-08;18.0;;7.0;2019-08-13;7;5;1;0;0;0;0;;;;
2019-09;38.0;;15.3;2019-09-07;8;5;4;1;0;0;0;;;;
2019-10;13.3;;3.9;2019-10-29;5;4;0;0;0;0;0;;;;
2019-11;89.8;;18.6;2019-11-05;15;12;8;4;0;0;0;;;;
2019-12;60.9;;17.5;2019-12-22;14;8;5;1;0;0;0;;;;
2020-01;10.5;;6.9;2020-01-28;4;3;1;0;0;0;0;;;;
2020-02;23.5;;5.0;2020-02-04;14;7;1;0;0;0;0;;;;
2020-03;37.5;;17.5;2020-03-01;9;6;2;2;0;0;0;;;;
2020-04;2.7;;2.4;2020-04-30;3;1;0;0;0;0;0;;;;
2020-05;10.6;;3.4;2020-05-17;11;3;0;0;0;0;0;;;;
2020-06;91.9;;32.3;2020-06-14;15;9;4;3;2;1;0;;;;
2020-07;62.7;;16.8;2020-07-24;12;10;4;2;0;0;0;;;;
2020-08;113.2;;36.9;2020-08-16;11;8;6;5;2;1;0;;;;
2020-09;26.4;;11.3;2020-09-25;6;5;2;1;0;0;0;;;;
2020-10;90.2;;27.9;2020-10-13;14;11;5;2;2;0;0;;;;
2020-11;22.3;;13.6;2020-11-04;8;3;1;1;0;0;0;;;;
2020-12;31.0;;7.4;2020-12-09;15;8;3;0;0;0;0;;;;
