#datum;y_txx;y_txxd;y_txa;y_dtx0;y_dtx25;y_dtx30;y_dtx35
1901;34.0;1901-07-30;14.9;31;77;20;0
1902;32.0;1902-08-07;13.8;21;61;10;0
1903;35.2;1903-07-20;15.3;14;61;8;1
1904;35.0;1904-07-17;15.0;25;81;26;1
1905;35.0;1905-08-04;14.8;19;79;26;1
1906;33.3;1906-06-29;15.2;21;74;15;0
1907;33.0;1907-07-02;14.6;24;71;7;0
1908;35.1;1908-06-20;14.3;29;77;13;1
1909;33.9;1909-07-26;14.8;30;69;11;0
1910;34.9;1910-08-22;15.2;4;63;11;0
1911;34.1;1911-07-25;15.7;16;78;22;0
1912;33.3;1912-07-29;14.2;23;60;7;0
1913;31.2;1913-06-04;15.2;22;54;2;0
1914;33.2;1914-07-23;14.9;35;74;10;0
1915;32.3;1915-07-08;15.1;14;66;11;0
1916;34.2;1916-07-04;16.3;4;74;14;0
1917;36.4;1917-08-02;16.2;36;116;42;5
1918;35.2;1918-07-18;16.0;11;72;20;1
1919;33.6;1919-08-21;15.1;12;76;20;0
1920;34.9;1920-07-19;16.2;11;84;26;0
1921;38.7;1921-08-12;17.0;13;96;30;11
1922;36.7;1922-08-15;14.7;36;81;29;3
1923;35.1;1923-08-10;16.4;16;89;25;1
1924;34.1;1924-07-05;14.8;39;94;17;0
1925;32.2;1925-08-19;15.9;26;79;19;0
1926;31.5;1926-07-20;16.4;12;74;6;0
1927;35.2;1927-07-09;16.1;21;91;35;2
1928;38.4;1928-07-17;16.2;14;85;48;12
1929;36.8;1929-07-24;15.1;44;99;35;3
1930;34.5;1930-07-04;16.5;13;94;37;0
1931;37.4;1931-07-15;15.4;20;91;39;6
1932;35.8;1932-07-08;15.6;35;104;48;1
1933;37.2;1933-07-16;15.0;37;74;28;6
1934;35.4;1934-08-04;17.3;14;118;21;1
1935;39.5;1935-06-28;15.9;24;94;27;2
1936;37.0;1936-07-28;15.8;13;85;25;2
1937;34.7;1937-06-11;15.8;30;99;28;0
1938;35.5;1938-08-03;16.1;20;79;30;1
1939;35.8;1939-08-06;16.1;10;100;29;4
1940;32.3;1940-07-08;13.3;64;72;5;0
1941;33.4;1941-08-19;14.4;27;65;12;0
1942;34.4;1942-08-31;14.8;42;100;34;0
1943;39.0;1943-08-21;16.5;22;94;32;5
1944;33.4;1944-08-13;15.2;15;75;22;0
1945;35.9;1945-07-27;15.8;26;97;30;2
1946;37.9;1946-08-10;16.7;32;116;48;9
1947;37.3;1947-08-05;16.6;38;123;53;3
1948;36.9;1948-08-10;16.1;28;86;25;1
1949;35.3;1949-08-02;16.8;6;81;26;2
1950;38.3;1950-07-01;16.6;24;98;48;10
1951;34.4;1951-08-05;16.5;10;85;32;0
1952;38.5;1952-08-15;15.5;7;95;41;8
1953;32.9;1953-07-18;16.0;16;96;20;0
1954;35.2;1954-08-15;14.5;43;82;27;1
1955;32.1;1955-07-03;14.6;13;72;5;0
1956;33.5;1956-08-07;14.2;35;79;15;0
1957;37.2;1957-07-08;15.5;17;72;20;4
1958;35.3;1958-07-16;15.6;16;87;25;1
1959;35.5;1959-07-12;15.8;14;68;11;1
1960;34.5;1960-07-20;15.3;20;68;12;0
1961;36.7;1961-08-11;16.7;20;83;27;3
1962;34.3;1962-08-14;14.8;26;73;24;0
1963;35.4;1963-06-28;15.0;55;91;25;1
1964;34.3;1964-07-22;14.7;25;83;22;0
1965;33.9;1965-06-26;14.4;14;58;10;0
1966;32.3;1966-07-05;16.1;22;74;12;0
1967;34.0;1967-08-05;16.2;17;86;33;0
1968;37.4;1968-07-11;16.1;21;88;19;2
1969;35.0;1969-07-27;15.3;33;81;22;1
1970;32.3;1970-07-24;15.0;25;68;17;0
1971;34.4;1971-08-07;15.9;23;79;27;0
1972;34.9;1972-08-16;15.7;14;69;18;0
1973;33.0;1973-07-17;15.7;16;89;21;0
1974;35.6;1974-08-04;16.1;4;73;22;1
1975;32.0;1975-06-23;16.4;3;97;12;0
1976;34.9;1976-07-20;15.5;17;75;17;0
1977;33.6;1977-06-14;16.0;18;85;11;0
1978;32.1;1978-08-07;14.9;15;51;4;0
1979;34.9;1979-08-02;16.4;17;90;24;0
1980;33.5;1980-08-05;14.4;23;52;8;0
1981;34.5;1981-08-02;16.0;17;75;24;0
1982;33.2;1982-09-06;16.1;20;101;19;0
1983;36.6;1983-07-28;17.0;9;108;42;3
1984;35.4;1984-07-12;15.2;7;62;13;1
1985;34.5;1985-08-15;14.8;37;73;21;0
1986;33.5;1986-08-04;15.5;31;88;26;0
1987;35.3;1987-07-19;15.0;29;72;19;1
1988;36.0;1988-08-15;15.6;9;66;24;4
1989;34.5;1989-07-09;16.1;10;58;9;0
1990;34.6;1990-07-30;16.5;10;72;25;0
1991;37.2;1991-07-13;15.1;19;69;20;3
1992;36.5;1992-08-29;16.7;12;94;39;11
1993;35.0;1993-08-05;15.9;17;89;28;1
1994;36.5;1994-07-30;17.1;5;95;42;6
1995;34.5;1995-07-13;15.9;16;81;25;0
1996;33.6;1996-06-10;14.8;30;69;15;0
1997;34.0;1997-06-28;16.0;10;95;11;0
1998;37.1;1998-08-03;16.1;16;72;31;7
1999;33.7;1999-07-06;15.6;22;86;11;0
2000;36.9;2000-08-20;17.1;15;93;34;5
2001;35.6;2001-07-16;15.9;19;82;25;2
2002;35.0;2002-06-23;16.8;27;98;27;1
2003;37.3;2003-08-14;16.6;22;116;52;2
2004;33.6;2004-07-22;15.3;21;70;16;0
2005;35.1;2005-07-29;15.2;21;72;13;1
2006;35.4;2006-06-27;16.4;23;78;37;2
2007;40.1;2007-07-20;18.0;13;99;51;8
2008;36.1;2008-08-15;17.7;5;94;43;1
2009;34.9;2009-08-02;17.3;19;116;40;0
2010;35.9;2010-07-15;15.9;22;76;31;2
2011;37.1;2011-08-25;17.4;11;108;39;7
2012;38.2;2012-07-05;18.0;16;114;56;17
2013;38.7;2013-08-08;17.0;2;93;42;12
2014;35.8;2014-06-10;17.9;5;87;25;1
2015;38.0;2015-08-12;18.1;3;93;52;24
2016;35.7;2016-06-24;17.6;10;108;39;3
2017;39.1;2017-08-04;17.8;13;103;52;10
2018;35.9;2018-08-09;18.9;8;139;60;2
2019;37.4;2019-07-01;19.2;1;114;55;7
2020;35.3;2020-08-30;18.0;1;99;38;1
