#datum;y_rs;y_rsh;y_rx;y_rxd;y_dr01;y_dr1;y_dr5;y_dr10;y_dr20;y_dr30;y_dr50;y_drho;y_drjeg;y_drziv;y_dron
1901;565.4;84.7;38.8;1901-07-23;137;95;34;14;5;1;0;31;3;30;1
1902;578.3;102.7;36.5;1902-05-20;121;80;36;18;5;1;0;30;3;24;1
1903;497.2;36.4;25.5;1903-07-06;140;87;39;15;1;0;0;18;3;25;1
1904;423.7;49.6;23.8;1904-03-30;126;78;25;13;3;0;0;33;1;11;1
1905;610.2;52.4;34.3;1905-06-14;136;92;38;20;4;1;0;34;4;28;1
1906;735.4;101.9;35.6;1906-09-17;129;91;45;24;8;3;0;44;9;26;0
1907;454.7;92.8;42.9;1907-06-23;128;87;25;11;3;1;0;43;3;19;0
1908;453.8;156.0;43.3;1908-05-28;108;73;25;12;3;2;0;44;5;19;1
1909;515.0;82.7;29.3;1909-10-26;130;83;35;13;6;0;0;35;2;29;1
1910;691.7;71.5;38.0;1910-09-21;142;96;43;20;5;3;0;28;1;32;1
1911;539.1;53.1;48.7;1911-05-31;139;79;29;19;5;2;0;31;4;32;0
1912;690.3;107.2;44.4;1912-04-02;145;96;38;19;7;4;0;26;4;20;2
1913;588.6;105.0;30.4;1913-07-08;125;87;35;18;6;1;0;42;3;22;1
1914;785.4;22.0;50.2;1914-07-17;119;86;43;27;12;4;1;24;6;30;2
1915;939.9;128.3;62.1;1915-09-03;179;121;53;30;12;2;2;40;2;29;1
1916;675.1;69.5;41.8;1916-04-24;157;97;45;21;6;1;0;19;3;35;1
1917;445.8;161.1;20.5;1917-12-07;133;87;30;11;1;0;0;49;3;25;0
1918;647.2;99.7;36.8;1918-06-12;145;101;41;14;7;3;0;37;2;23;1
1919;661.0;164.8;29.4;1919-11-02;164;119;49;17;1;0;0;52;4;29;2
1920;647.4;113.4;64.3;1920-07-29;149;96;35;18;3;2;1;29;4;31;1
1921;478.2;86.4;33.6;1921-08-29;119;75;27;13;3;2;0;26;1;26;0
1922;656.0;123.1;32.5;1922-09-04;152;96;40;21;4;1;0;29;4;16;2
1923;627.5;129.9;38.6;1923-04-15;158;91;36;19;6;1;0;36;1;17;0
1924;658.4;101.2;50.0;1924-06-02;135;79;38;20;7;3;1;38;2;26;1
1925;657.1;71.1;41.3;1925-07-16;148;96;41;18;5;2;0;31;1;32;1
1926;631.1;60.1;39.7;1926-06-23;155;91;40;19;5;2;0;23;4;36;1
1927;587.6;64.9;26.8;1927-08-30;152;97;46;14;1;0;0;33;2;28;0
1928;434.3;59.7;22.7;1928-11-09;133;78;25;12;1;0;0;40;4;25;1
1929;693.6;140.0;61.6;1929-08-13;129;92;41;18;7;2;1;42;5;36;0
1930;720.3;137.0;35.1;1930-02-07;148;98;51;30;3;1;0;27;5;29;4
1931;615.0;114.3;43.2;1931-04-21;147;89;45;15;3;2;0;48;7;23;0
1932;548.1;42.2;29.2;1932-05-29;120;77;35;20;3;0;0;43;5;31;5
1933;672.6;74.0;35.1;1933-08-21;129;88;47;22;7;2;0;46;3;31;2
1934;603.7;62.1;48.4;1934-05-18;121;82;34;17;6;3;0;27;7;36;0
1935;621.4;213.1;37.3;1935-12-06;139;92;39;21;3;3;0;64;4;27;0
1936;770.6;90.6;40.0;1936-02-23;152;104;51;26;6;3;0;29;7;40;1
1937;987.5;172.0;93.9;1937-05-23;165;116;55;31;10;3;1;48;4;37;1
1938;581.8;82.3;22.3;1938-05-24;128;83;42;20;3;0;0;41;2;34;1
1939;742.0;47.9;31.9;1939-06-11;138;97;45;29;9;1;0;29;5;38;0
1940;776.2;156.5;46.0;1940-10-29;157;113;54;23;8;2;0;63;3;29;1
1941;608.4;100.0;37.0;1941-11-05;150;86;38;17;6;1;0;48;3;16;0
1942;559.3;161.7;42.9;1942-07-19;124;79;33;19;4;1;0;55;3;25;3
1943;466.0;97.2;39.4;1943-02-02;119;67;30;12;3;2;0;31;4;16;2
1944;721.3;151.5;33.0;1944-03-05;144;103;52;24;2;1;0;51;2;36;0
1945;584.7;156.5;38.7;1945-11-14;130;85;37;16;5;1;0;48;4;27;0
1946;555.3;47.2;29.9;1946-08-23;131;80;39;16;4;0;0;34;4;39;1
1947;438.3;180.5;26.4;1947-02-08;138;84;28;11;2;0;0;58;1;32;0
1948;532.2;59.8;23.4;1948-07-15;133;86;38;19;1;0;0;31;0;20;1
1949;557.2;31.3;35.5;1949-11-16;127;79;43;15;2;1;0;30;2;29;0
1950;619.6;97.9;33.8;1950-10-25;132;91;42;17;5;2;0;32;2;22;0
1951;647.0;73.0;30.7;1951-03-25;136;90;42;21;5;2;0;33;5;31;0
1952;787.4;229.6;44.8;1952-06-14;152;98;51;25;7;3;0;67;1;32;0
1953;528.0;81.7;37.5;1953-10-20;98;68;31;19;6;2;0;42;2;33;0
1954;642.8;106.1;78.0;1954-06-01;141;92;34;18;8;1;1;57;2;30;1
1955;898.8;117.2;71.0;1955-08-14;149;98;44;26;11;10;1;52;4;36;0
1956;567.4;150.7;31.4;1956-08-23;139;87;38;19;4;1;0;65;5;35;1
1957;566.0;57.9;40.5;1957-06-21;130;75;36;15;5;2;0;34;3;32;2
1958;556.2;72.6;33.5;1958-06-12;124;88;38;16;4;1;0;44;1;27;1
1959;536.0;78.6;37.6;1959-07-15;106;67;36;16;6;2;0;31;2;31;0
1960;565.6;52.2;36.5;1960-07-25;136;91;36;18;4;1;0;25;1;33;0
1961;400.9;34.3;27.3;1961-11-04;100;61;29;12;2;0;0;16;0;25;2
1962;532.5;152.1;41.9;1962-11-24;126;84;35;16;3;1;0;34;4;23;2
1963;657.7;150.1;60.9;1963-09-08;138;88;45;17;5;2;1;33;8;45;10
1964;621.4;65.0;35.9;1964-06-22;125;83;33;22;8;3;0;24;2;36;9
1965;815.9;82.8;35.9;1965-11-10;157;109;57;25;6;2;0;26;2;34;2
1966;743.6;59.5;34.5;1966-10-29;150;107;49;23;5;2;0;23;10;39;0
1967;505.0;69.7;42.2;1967-06-09;124;81;27;13;4;3;0;18;6;32;0
1968;497.9;92.3;28.9;1968-04-08;117;75;31;14;5;0;0;20;2;38;4
1969;682.8;185.9;28.3;1969-05-07;129;91;45;26;6;0;0;36;4;20;6
1970;664.7;179.5;40.3;1970-06-16;149;90;48;18;6;2;0;47;13;32;4
1971;460.2;78.4;32.3;1971-05-28;113;72;31;10;4;1;0;32;2;31;2
1972;609.2;48.9;37.3;1972-08-01;139;79;40;21;6;1;0;18;7;41;0
1973;397.7;87.1;27.9;1973-10-16;110;64;26;12;3;0;0;37;0;24;3
1974;659.0;51.2;42.6;1974-08-27;148;91;45;22;5;1;0;19;1;25;1
1975;519.4;69.3;51.4;1975-08-29;124;83;26;13;5;1;1;21;3;47;0
1976;668.6;96.3;30.4;1976-09-16;141;91;41;20;9;1;0;38;0;33;1
1977;551.4;102.5;24.5;1977-11-26;127;89;33;17;5;0;0;33;7;28;4
1978;595.5;81.2;61.5;1978-08-04;139;83;37;17;4;2;1;34;7;39;3
1979;565.7;92.2;22.4;1979-02-12;130;80;37;21;1;0;0;29;17;14;2
1980;670.1;205.1;34.6;1980-11-30;153;94;38;22;7;1;0;53;3;28;1
1981;513.3;151.7;34.8;1981-06-23;128;85;33;14;4;1;0;40;17;26;0
1982;456.2;46.5;28.9;1982-07-25;113;70;33;14;3;0;0;23;1;28;2
1983;450.3;82.1;56.7;1983-11-27;110;66;25;12;5;2;1;25;10;25;0
1984;619.4;138.2;40.1;1984-09-25;131;92;40;19;4;2;0;34;1;26;1
1985;448.1;66.2;33.8;1985-11-05;134;84;30;7;2;2;0;31;3;19;2
1986;414.1;132.1;30.6;1986-08-08;110;63;31;10;2;1;0;46;5;25;0
1987;530.5;57.9;33.0;1987-04-10;131;84;40;15;5;1;0;34;4;23;3
1988;659.0;88.2;51.8;1988-06-28;125;79;44;20;5;3;1;29;5;24;2
1989;560.5;8.2;75.1;1989-06-26;89;55;31;18;6;4;1;4;3;28;3
1990;415.7;21.4;31.1;1990-09-20;111;70;28;12;3;1;0;19;5;22;1
1991;594.0;66.8;40.1;1991-07-27;114;75;33;18;6;4;0;21;0;24;0
1992;364.1;25.7;26.8;1992-07-12;110;66;29;9;2;0;0;22;0;32;2
1993;505.4;103.8;50.9;1993-10-03;128;79;31;10;3;3;1;45;2;29;4
1994;481.1;25.9;40.7;1994-06-29;113;68;35;14;2;1;0;19;3;35;0
1995;574.9;118.8;25.2;1995-04-26;129;90;41;20;4;0;0;43;4;37;1
1996;527.5;132.4;49.9;1996-09-23;118;69;32;19;3;1;0;47;0;28;3
1997;326.6;49.4;20.3;1997-05-08;104;62;21;8;1;0;0;29;3;20;3
1998;643.0;39.3;32.9;1998-04-18;109;80;37;24;6;2;0;22;2;23;1
1999;842.2;122.9;49.9;1999-06-04;135;89;39;28;14;6;0;36;1;30;3
2000;388.6;43.0;26.6;2000-04-05;104;68;25;9;2;0;0;32;0;13;2
2001;548.2;91.8;39.9;2001-07-23;107;81;32;14;6;2;0;31;0;25;2
2002;494.1;42.5;46.4;2002-07-18;136;80;28;13;3;1;0;28;1;25;2
2003;344.7;64.7;28.9;2003-11-01;86;48;26;11;3;0;0;38;3;20;3
2004;533.6;85.0;28.0;2004-11-08;118;82;36;17;4;0;0;37;1;27;4
2005;696.1;136.0;69.6;2005-08-04;109;80;41;22;6;4;1;51;0;16;0
2006;464.0;58.0;49.4;2006-08-01;108;73;27;12;3;2;0;30;1;27;1
2007;472.2;49.9;28.8;2007-08-19;115;74;33;15;4;0;0;23;0;26;0
2008;565.0;56.1;24.6;2008-07-14;124;81;42;19;3;0;0;19;0;40;2
2009;479.1;49.3;27.0;2009-06-22;117;75;32;14;4;0;0;38;1;20;3
2010;815.2;133.5;67.3;2010-05-15;142;108;50;24;7;3;1;46;0;32;0
2011;290.5;27.6;22.5;2011-07-19;85;52;19;9;1;0;0;26;0;25;2
2012;383.6;56.3;23.5;2012-06-21;98;63;30;9;1;0;0;27;0;24;0
2013;588.2;137.9;42.2;2013-06-08;131;85;40;23;3;1;0;32;0;0;2
2014;664.9;;53.0;2014-09-11;123;81;38;18;8;4;1;;;;
2015;598.7;;115.4;2015-08-17;118;70;27;16;4;3;1;;;;
2016;569.4;;36.5;2016-08-22;119;88;35;13;7;1;0;;;;
2017;579.4;;52.0;2017-05-23;103;68;28;20;6;3;1;;;;
2018;492.5;;48.4;2018-09-01;127;85;31;12;2;1;0;;;;
2019;512.4;;29.3;2019-05-29;120;76;36;13;4;0;0;;;;
2020;522.5;;36.9;2020-08-16;122;74;29;16;6;2;0;;;;
